1260
9018
13028
14885
6365
13428
14317
15538
15533
13415
2110
4565
1963
1841
14198
6469
12292
2348
3439
14353
6737
6935
6946
6962
6934
10675
683
12176
13563
12343
3347
5736
8503
14044
3285
11814
14229
9741
7500
1670
12092
14226
15343
1408
862
13707
2558
10106
4328
388
2938
8714
7595
7774
5848
13825
7773
4288
7993
9
12381
12953
9300
1320
2
12938
7168
3324
6167
6529
4918
11733
3169
2630
11542
11534
8768
11014
7905
15534
8555
11479
12203
11422
2301
9825
9558
12490
11969
10381
13527
3183
3631
10533
12234
1444
3275
3702
10897
14755
6668
1012
2189
12402
8083
7783
10272
10579
10193
11118
11231
11032
1342
1562
11262
4
1565
201
971
8589
1563
5771
13630
9553
7652
7447
3396
3524
7276
8439
4108
10373
9550
8782
13212
4144
11303
14402
12126
11380
12196
5557
11243
6258
2896
6140
5556
6659
13093
4143
11394
15094
12132
10202
4960
11090
5357
1933
4138
11201
621
4959
2271
11852
623
1287
10975
12680
8677
7711
14454
7637
7936
8814
14621
15483
7779
9367
14819
9553
9700
2728
36
12659
8364
9555
3239
6682
8900
11926
11906
400
7746
6787
11645
479
4031
4074
10944
7861
11187
14623
11569
11393
5
4571
7545
14473
7191
5677
2657
6579
6401
2437
10107
14919
12157
6797
11942
6048
10107
10091
10107
4415
10107
1294
10631
7256
13825
10022
10899
13825
11587
9553
5927
6722
2791
4726
13473
11079
1042
8745
13059
4156
5765
4998
2389
2983
14228
14546
13932
11721
11222
14849
13287
1233
5180
14774
14545
9819
4573
12085
2200
5822
14227
4573
5859
4572
2500
11223
1756
11223
6684
9819
6220
5929
4156
5765
4998
2389
13353
11222
11788
4573
8758
13694
14654
10107
4999
1
5738
10631
13932
4157
15614
13762
8241
13592
13592
13932
13932
9553
3369
4154
14203
9818
13592
5248
4154
1755
15573
8574
0
13584
9552
0
11222
13591
1
0
12906
1361
5199
4421
5399
6715
7053
11104
4154
9553
8727
573
14059
9356
2360
3295
5531
11799
7233
13968
5737
13591
14874
9553
8704
6088
15675
10014
12921
9238
6945
4866
14210
9274
5554
9553
8758
13592
11941
1
14909
2
4154
14909
11586
10941
13060
1756
2
12102
1
1
14911
15092
8758
14227
7021
5928
14909
13060
9554
10941
13060
13060
10941
5928
2666
9163
13591
9802
13023
9553
11526
6328
14197
9497
9469
9466
9491
9494
2461
629
4980
2495
6396
12402
360
11175
1791
409
9022
11939
10465
10301
3869
14226
1135
3773
12177
3832
12891
3864
4575
12413
5020
5861
11477
1314
7418
2223
11982
2813
2048
8989
10857
3078
8534
13545
4141
2696
2388
1019
918
3726
385
7991
6667
2186
8629
3951
6106
4532
7658
1
11902
10545
6437
3099
6103
597
4962
3072
5885
3194
1430
2
14816
3748
3246
14972
4185
378
12374
7387
13397
6423
1865
5091
37
575
10236
11993
10490
99
12268
5779
11849
12782
5
7721
1441
356
13150
3144
1024
2772
2366
11643
2910
9892
14174
6904
4366
4239
4214
6066
6031
14098
6188
15610
15640
1698
4
2609
1748
2249
1740
1742
8915
9411
7597
1753
9535
8913
6759
5658
2376
5583
15246
12857
12810
13461
6514
10932
4153
14835
10346
9216
4775
14907
14720
3785
13201
7069
6740
4853
14358
579
4142
4179
12022
11295
7031
1518
12660
11608
11857
14629
10705
12128
15149
12087
9046
12746
482
7486
7478
7427
9447
5766
715
4154
7028
6203
13720
3797
2922
1398
4153
9967
12097
11427
12074
11324
9539
9553
11695
9570
11263
13115
10324
9626
4153
13807
9163
13591
10079
14151
14316
683
15141
1790
1683
4153
5525
14108
3866
9163
13591
4953
1755
2219
2871
2941
3022
12270
1678
937
9709
5896
10069
1609
624
1756
10746
15303
7157
2022
12002
14448
9835
15063
9378
15465
9381
13657
7676
3895
5623
4455
9862
13751
1278
4332
2568
13066
3156
1675
12299
609
1494
498
2170
5748
12795
1756
2522
5323
15352
13516
11414
7664
6795
12567
3807
11208
5346
2665
12861
13646
9642
12897
5023
918
7576
6
12508
3572
5945
10387
3781
11211
3711
4043
11284
7457
1847
1733
7509
7237
7193
9296
5110
13701
8232
2067
9123
2952
9884
9885
9887
9886
13533
5928
1756
14085
6762
5740
1208
8451
5797
5179
11003
1435
2
14807
1389
5101
4670
7170
5620
13682
5899
6679
4180
9019
9726
7799
3113
6068
6
4500
3376
14909
756
3198
6
3293
2899
2665
15447
14343
615
12261
699
4504
1525
13762
9399
7918
9612
10517
6016
1479
13345
1607
7429
7891
2989
12765
7214
8144
1214
12969
67
4775
1412
1168
2960
9111
2985
8321
9064
4287
4402
7438
3938
4741
8480
14231
3139
12039
12333
8627
7538
7401
6704
11462
6223
14038
12402
8278
12691
9928
11508
7243
1437
4573
6750
8769
7077
1012
15322
483
14618
12828
7324
14897
12828
7488
7538
9242
8061
6160
4526
6189
2430
8273
8265
7223
9515
9070
12706
12360
8894
5375
10023
8150
2479
6296
4263
6782
10885
10828
2071
0
14824
10719
6086
11311
2036
6723
13705
6245
13862
9553
14466
5217
10019
9195
15656
3431
9553
1979
2369
1137
5225
6673
2251
12800
4216
6754
9553
1368
8887
10156
15509
3762
9553
961
11341
10582
13262
8584
14284
10784
11571
10362
11862
15539
13035
14747
10524
1888
13268
4998
13059
15154
11379
13130
1898
13059
2674
3410
2458
5912
13132
4410
9553
11164
2137
9847
247
9994
10044
3840
3653
8607
15275
10934
15272
14043
13712
15567
9679
10308
4987
6363
14904
5800
8513
4437
11192
14991
13603
14226
12363
3475
15431
6215
9650
10437
12223
6099
8521
12163
4932
4153
14567
10964
2201
1755
2139
8866
5147
4154
652
13977
982
4154
6348
6018
14226
9771
6010
4154
3981
13601
13255
13675
13665
13614
11941
9553
2449
11931
11675
11286
5022
14
3253
11591
11744
6553
14909
5959
4302
8113
2374
5879
5103
10297
3159
6854
7393
5467
11
3233
3858
7284
9734
5758
728
1206
4905
2961
7680
8472
2575
8308
13694
13327
14937
12321
4154
1756
13206
10648
10878
15501
1069
4352
3223
13180
1450
12367
7325
6467
7846
4296
453
12432
1179
10351
1430
2
4734
145
4888
14451
1861
4816
1249
3187
2778
2053
12846
11273
7829
13560
12169
5178
13571
2881
7725
5044
410
1627
8119
8189
14095
7518
1333
1486
12480
14711
11633
8143
12312
8137
14072
12014
5453
13059
12298
15125
7131
6686
5224
5243
8817
5510
5928
9553
6653
9285
14900
14461
14493
2274
2523
7564
9191
3873
0
8625
1421
9508
13513
3685
12342
7165
0
2764
14763
12843
5100
8719
7696
8528
12954
4431
6759
11586
4778
10442
15056
2758
2270
4754
6987
1360
2899
9553
13278
5210
12784
5273
14115
13839
4777
1262
11487
5568
8779
11511
1332
9949
9553
9842
10536
4769
13386
1
5555
3231
8577
55
3209
8300
9792
9932
7452
12944
4104
5551
13349
4128
13059
12613
5468
9086
4996
3881
3047
2163
2545
15214
1721
9605
2389
5927
10203
11799
10596
160
1549
2799
6749
13591
15158
14734
1685
37
2447
5579
5589
11799
12107
2
160
365
6786
3943
14367
11799
11492
2
1542
734
6308
11446
10528
11799
12229
2372
1488
2345
5592
14279
15158
13931
547
684
3
4497
15585
2957
2115
3271
2963
11531
8772
3048
6808
11891
10769
2343
9531
3440
5654
6509
13931
1272
2820
9686
3007
9765
7232
7601
7206
7207
7304
151
343
5373
13249
4460
1906
10870
14297
889
1397
5363
14226
2396
13257
72
6446
5768
460
5672
13288
11011
2136
11964
13065
4418
224
617
14231
14106
61
6807
14295
3497
9952
3298
11007
10325
6075
68
3042
5275
1299
15093
15134
2050
75
3397
4949
13780
7851
2892
13121
9474
8991
483
8216
1708
12628
685
694
4506
3304
2286
740
12402
1757
12896
1769
3211
396
8057
4118
11915
12794
1437
2389
15461
15341
13592
10593
2790
1756
2457
1313
5200
9644
12054
13061
11933
9976
9871
14762
15059
12051
1756
0
6575
1325
5901
5424
8929
3497
10941
10714
15555
5306
8068
10078
1984
7815
2307
7593
11659
1759
4454
10620
3918
14392
6114
13370
4184
2116
13694
8926
4967
2272
3795
5374
14513
1510
282
1
10981
13825
12625
6556
5293
10940
4380
5067
13591
9392
9553
6131
13040
13046
2582
1151
6617
11689
248
3076
3517
1198
8495
1424
3160
1317
14173
6609
3205
4340
4303
3414
1061
13591
1433
2
4689
15293
7888
10718
9695
10263
9663
10094
9553
5232
2752
13325
1432
8721
7126
865
15291
11572
579
12592
4597
5509
3073
1107
3917
1
12046
12343
10618
2667
2962
7019
13257
3391
10106
1342
12506
10264
376
1548
13694
2668
3577
3499
9777
10851
4
12252
12252
3234
14694
3703
9881
11623
5929
13559
13080
14899
13530
14894
15332
13795
13374
14107
13320
5873
13059
14494
14822
14705
9733
15342
13472
9136
15212
15364
15387
5929
14113
14525
14112
13550
14967
14075
13799
13410
13131
13536
6989
3090
6908
3649
12979
5733
9861
5886
14909
9869
4520
14571
15082
1725
13825
19
2427
324
13923
11224
5974
13931
10790
6438
10820
1760
12771
2532
9699
5396
14372
7259
5658
2535
2504
5472
11584
14003
9150
2847
6015
15216
13323
12158
1186
11960
8205
8804
8803
7448
8196
678
5999
8092
7955
632
1713
8892
8141
12833
9262
13212
3932
4942
13523
4827
5658
10311
14806
2551
11185
516
6537
5063
8272
9544
13837
14908
6512
2032
5834
1101
11539
11607
8437
13389
2540
7442
10701
13558
3756
12828
2666
7884
13002
13003
10863
13004
7167
8262
5841
5129
7439
266
7061
15003
14311
8047
13049
1523
3589
9470
2621
12710
5292
2776
411
1483
873
2070
12416
5294
6855
9553
15185
13359
1192
2061
4784
1
10537
15080
12828
838
12667
477
9122
7154
12749
2490
10535
5
12445
1931
3
13059
8456
1080
8429
13097
13061
1396
13691
15238
232
13422
14298
14240
13592
9620
9590
9738
9655
13177
531
4262
2070
12462
7190
9745
6077
4153
4478
305
5432
1451
8434
11792
5965
6999
10016
13425
8818
4153
2869
12788
12556
470
4224
7248
496
5093
10729
1402
5082
3466
11141
1273
6855
1756
7070
7993
7096
13953
3
2785
15357
2942
746
3
7161
8330
1165
7454
13907
3
13363
14561
13867
6487
6967
2496
13420
13044
15542
1233
384
2665
6696
782
11045
9713
1335
13656
6293
1596
3912
563
4710
12157
7381
0
7589
2389
7624
8852
7368
7371
4775
3740
8013
775
8103
475
6558
15053
4896
1756
5927
6685
14365
11642
11188
14021
2240
13434
11717
11426
9911
8843
1574
11232
14759
5927
11143
10115
9674
12255
9619
1771
13059
4
6577
10389
9737
5918
10552
10493
3561
2039
7421
10941
13211
3539
15266
7422
662
12872
4682
485
1585
4153
1539
11799
15031
13864
4153
3622
793
9553
0
13670
1
13511
9392
10318
9392
10563
9392
10704
9392
7536
6154
305
5825
3780
4976
620
400
5909
13468
9283
1739
7552
8872
4721
113
1250
620
8588
14065
1798
9347
402
1756
9736
401
14963
10927
1497
403
183
12161
4
804
8885
6988
9662
6270
9394
8
1
0
4153
4153
1
1
4153
4153
1439
2
3518
727
2564
859
10283
2878
13059
8459
14910
15020
2984
2019
10303
6953
7159
5810
13524
5865
11864
207
13506
6913
7538
11681
6384
8668
11280
352
793
1714
926
1257
4707
6733
2805
6601
6657
1315
2473
9732
9757
14665
15291
793
13059
6825
11684
11340
6166
1956
254
9553
9553
15624
6932
7020
11639
6742
11586
4878
1414
4660
7175
1583
8426
7204
9553
11869
4307
707
39
4452
4450
4451
5566
5006
13540
10871
13062
11990
11739
11818
11911
11740
10292
793
1239
11169
13896
13761
10766
6285
5264
8318
2012
15346
13672
343
3856
5632
10539
4679
13694
5070
9585
7395
10940
6065
4157
1755
4273
3227
14736
15443
956
8276
11177
15543
9598
7982
3534
12034
12913
2422
1
12615
12620
92
3297
8578
7301
7511
7201
3568
3182
14728
14631
3742
12134
3831
13525
7852
13263
15611
14917
11126
8557
8726
1630
4506
1756
13997
1937
1934
1522
15254
2682
13870
2900
3736
1228
13890
393
9025
14226
12865
2060
10260
3778
11326
262
12819
11638
11686
1428
11293
187
7269
8065
2370
9540
15106
9540
9043
13050
9537
14226
0
4154
5739
5000
5000
4156
4155
4154
4154
4259
6552
5964
2702
2703
4581
3966
6499
3914
2933
4644
5603
380
5739
4655
5664
5666
5602
5639
8545
14244
15071
14290
14577
8548
8561
7546
8564
14403
14928
14564
14446
14250
14237
14433
14565
8280
8547
8286
5000
8368
15278
14400
14303
14666
14656
8430
1173
1384
14135
8546
14136
14878
9093
9063
243
9068
9147
9148
8563
5000
9079
9050
9287
9183
8657
14137
9290
9095
4156
9067
9049
14507
14614
14556
15047
9231
9260
9240
2684
9053
2486
4155
9251
8582
10873
9247
9232
9249
9056
9096
9052
4154
9078
5339
9225
12577
5777
3497
14524
389
8476
7434
3794
448
11051
12565
11965
10253
10499
9820
3086
801
5145
5659
31
3171
14932
11977
1489
4349
4168
5491
4297
4930
5723
15484
4929
2756
5254
12209
11692
9979
9055
5
4163
15448
5663
13591
11587
0
11670
11312
14703
2536
625
683
9553
14144
13346
14346
4771
13659
9685
81
6458
12621
12257
9712
399
5699
15253
4664
3949
2651
8479
8471
8658
8826
2636
2645
7205
7060
11606
171
11301
14319
12343
13581
3606
12307
11021
3082
11358
1842
686
5090
64
8096
2689
1557
9783
9556
12483
11709
7626
1430
2
4727
3575
7926
1911
12532
1500
9823
10232
8828
8114
13417
2936
12072
7661
7950
11914
13411
6460
7242
12742
11112
10566
1482
11793
847
7383
12709
372
6585
6604
2424
4076
1756
2598
2236
2177
10087
5940
11898
1022
11502
12053
786
11008
4843
2627
3616
849
4009
3
1756
2617
4683
1781
14598
5381
5585
920
8515
1049
1756
15650
8664
4341
14410
15349
13399
13878
11395
13910
7137
10225
11787
2830
6730
6610
3317
2148
4961
427
2994
15105
11043
9773
6563
13591
13392
3129
10388
11742
28
3130
10135
640
1695
3263
8115
15672
5458
15299
2665
13648
3424
15528
3661
8701
3809
611
4153
3428
3585
3150
10326
5451
370
3190
698
8039
7565
7555
5823
3196
3692
8753
7728
10520
13288
9553
13834
2072
2873
1517
15103
794
9553
1466
3615
4420
924
1814
12977
1531
3939
8046
13908
4153
14798
7437
8183
6045
1772
11035
8247
14188
15058
8882
14911
8142
9100
1407
9416
9514
8259
9518
10043
9526
5920
7719
4573
12254
9468
7596
6694
9607
10701
9653
8254
1216
9482
9493
14286
4153
14793
9785
3929
6756
7167
8135
9434
12033
793
13822
9438
9489
9807
10875
13033
8325
7541
8180
9863
5310
7949
3521
1844
11998
9551
7257
481
7178
633
7212
8170
12885
9703
12675
8648
7504
14142
5658
6671
1196
6823
3359
6805
3373
10898
376
1471
0
14805
14802
11544
14585
15193
6736
14709
5190
10022
3057
5756
1
14419
15089
7307
8186
12089
14039
10196
4580
13260
2454
2940
10997
4544
5371
4362
4433
1251
3764
2115
7807
6586
9213
3
11221
184
3
3578
11105
10022
4134
4698
8685
3576
5817
7289
12705
12011
8744
7716
1846
2959
2665
14910
12803
14859
8843
478
5929
2911
8387
13412
11918
15450
2618
11027
14530
11655
2227
1756
1755
9215
13959
8105
6149
1437
13982
11480
1697
6001
15291
5880
15289
13282
14426
5214
6947
6944
13662
10336
15379
13059
4566
5902
3771
15550
4026
15513
8377
9190
15236
8238
2665
5330
4950
6200
2748
9844
4153
10889
9039
1756
11488
3460
14190
12351
793
2665
6196
14310
4008
6310
11223
8611
13955
14302
5223
12184
10007
5569
11267
3461
9388
14453
15608
6879
15179
12178
13992
10379
15411
4007
5179
6330
12402
1
13059
2117
4473
2967
2011
2296
14440
8622
9553
4123
1102
4130
1011
9597
9553
13079
7688
1229
217
1756
41
8463
186
8478
9348
8463
4022
8463
5083
8777
8306
8463
5332
8478
5514
9553
4523
12806
2405
11601
14004
9553
2556
14942
1757
14634
10638
10642
10663
10649
10644
10235
14612
15255
15508
14927
15086
15284
15061
1905
15651
15009
6415
13062
9720
15127
4875
11026
9724
12922
14443
15338
13133
13280
3679
13061
13116
12149
10439
15036
12141
1203
9905
9635
13694
9707
13880
9830
9719
10152
10153
5253
7142
6424
10943
10941
2841
4606
15462
9980
14143
13308
13429
6390
9647
11018
4311
4384
2109
9553
5221
1341
15453
13496
14304
8640
5442
15091
10941
12145
15323
6927
15377
15014
13051
1
10832
15336
12319
5166
9553
6471
11260
6793
5655
5245
6855
9553
6840
15540
13229
15481
6959
15298
4817
6250
14910
10941
11995
3613
9041
2889
1266
15655
12997
9553
5410
14216
1359
11117
4518
4919
14909
4276
13694
5474
5303
13591
6042
5350
509
7604
4998
6394
2283
6151
9925
6954
3673
11459
11453
9717
12609
12629
5763
12328
9866
4636
814
13850
14212
5392
1064
13825
6856
13059
3906
12064
13814
2351
6982
14872
6855
11223
11180
11327
1788
12886
9553
9315
1756
9553
2346
13480
6381
12192
6881
5085
653
11121
2200
2537
8444
9553
967
11138
9442
15362
14321
6387
1
10941
14086
11916
14625
6402
13873
9553
14087
6824
5489
4780
4174
4624
7657
0
5289
6447
5651
5634
10772
7188
5641
4334
5629
4758
5847
9945
12175
7845
10172
12233
9759
9602
35
555
1204
7622
10622
8571
2153
7609
2712
10773
15187
8742
970
11871
10895
10668
10054
12554
1394
2853
1629
1929
4508
12589
10080
9849
1874
5038
15570
3332
2978
11827
4696
4782
2988
8947
14912
9553
14054
1986
15408
11372
13644
11452
1756
1756
7745
5727
7149
11682
13698
15132
3783
6720
10584
2482
7111
14930
6008
5148
13809
14243
2211
13157
1974
7388
7557
8568
5786
11253
4412
11086
4731
11128
4176
11348
896
9622
4217
3316
11306
1514
361
12464
8483
10434
14264
5011
1
10104
13570
401
3314
7231
7
9921
3010
949
9652
9639
5637
6457
6655
4531
6472
4301
13931
4973
13249
0
3039
12867
5780
0
3120
8014
7164
3950
6912
12332
13435
1687
12455
11217
4016
12585
11298
11397
599
3338
4220
11236
161
3122
12764
7583
4405
12343
4198
4887
6185
9973
5849
10574
15042
13475
2530
6572
13191
14442
13036
13821
10679
10361
10653
10178
10099
4153
14988
15324
15527
15530
15560
11912
1430
2
4728
15401
3337
13120
1590
8494
4290
12275
761
7612
8983
6078
5089
10467
12557
13865
12284
11364
7811
2
13261
1
11955
12343
13693
12343
14023
3302
4133
8326
13591
1438
8089
7286
7287
12277
2539
5
9553
4979
1875
4257
923
1864
4364
3999
4257
2246
11075
9789
9656
4638
9694
3651
11282
2456
5192
8709
13591
12200
14089
10111
6561
10496
9945
3273
4267
1
13059
14719
10629
4040
13350
13866
12077
15310
11767
11687
10972
6361
6856
2282
15329
6516
15496
5215
6666
12065
5942
15598
14893
5062
4940
12946
5256
15313
10792
4388
13694
343
3388
1478
15123
1623
3959
13161
3893
7769
3499
7737
4884
4922
13297
1756
9073
795
4725
9076
5288
468
3791
9918
1235
9624
863
488
7992
5136
7320
3741
8790
301
6569
15189
2080
5684
15562
13096
9507
13437
9432
10898
8909
8275
10339
8419
10082
7879
11846
14918
14596
5929
8133
12831
9402
10258
12750
9710
12551
9358
4153
14794
979
5439
9012
8033
9542
13366
10390
8279
7857
14535
2706
8874
1943
793
13823
9896
9188
8210
5327
11172
12844
8121
13021
9486
13306
12386
6788
2686
7228
7889
7598
12661
8022
8822
4573
2068
14844
11921
6074
12860
6259
8228
8193
5404
2059
3899
2876
4753
10942
12715
7279
8055
7414
7517
1600
2
13476
1255
1550
705
284
4774
12617
10544
2964
8576
7770
14735
1431
1945
4230
4746
3378
6610
1241
7281
6610
4487
5816
12816
1188
13694
6208
1377
5470
1392
7119
9671
2201
11307
14605
14743
11411
1347
11653
13498
13669
11984
14990
3880
13899
10631
10180
9329
10841
6589
5972
1108
1282
4153
14648
13804
9553
10305
6584
15587
10587
9115
13356
1437
14226
7121
5195
2363
7067
2017
9796
3
6621
8573
9992
12826
8328
5812
4256
15382
13084
13089
13235
13220
4
14973
1352
4414
5742
12627
4
15117
14644
9690
10132
10213
10859
1756
10518
8023
7270
8008
13047
9670
11468
1213
7221
244
13667
815
8916
9983
8627
8401
2181
835
10907
399
4116
2666
5559
2665
3762
15482
5570
13393
4113
5889
13418
4684
6028
6142
6164
511
5051
5036
8003
10836
10594
6635
10843
14011
12117
598
11808
10130
15066
13015
15410
5414
5242
13629
1326
13591
4153
11181
2437
13059
14729
11162
6404
11392
4154
13059
4822
12878
2614
13438
6712
14167
9553
15561
172
2441
2618
2665
812
10848
12297
6397
1088
12044
13090
10323
1756
15648
15155
4815
2730
6897
6922
6867
10883
10450
11326
10359
8880
14516
14071
4
1265
14521
3972
8305
9576
9668
13369
3843
9990
9951
15247
15564
5619
5180
9756
600
13882
13756
1806
9553
15306
15060
13061
11714
14950
14171
11161
1106
14814
13195
13354
9579
10628
6333
15092
1817
10380
5770
275
13517
15504
4626
4447
10481
13620
13449
2798
10133
772
13826
13900
7514
10602
12910
3497
2749
15475
9173
9087
1070
14123
10034
5644
7939
11665
9782
10402
11873
7273
12232
10525
13059
2767
4869
13375
13500
13825
8839
3162
5053
13441
2029
6206
4153
14549
4
13059
13317
5839
11644
4316
4613
14226
4468
11626
4503
10100
10471
1902
1778
1729
4285
4156
8386
556
3876
10413
12281
5335
4153
11680
14289
10701
1
14429
4172
15629
1907
680
4154
2665
11690
14714
15637
12086
3464
13071
5126
904
12571
11701
1796
14021
1756
8506
14732
8134
10224
11406
14693
13980
12198
12143
13717
11881
13521
9766
15230
4567
11336
5377
9589
7974
11425
1307
3442
5114
2509
9567
3240
7140
12195
2768
10582
6141
3655
3695
798
3172
14563
4938
6439
5987
5955
4747
4852
5492
5757
10941
9776
9045
12129
11159
12925
12949
12935
12939
9045
9681
14299
14543
14542
14526
14312
14382
14341
14423
5180
13174
4153
9993
15600
543
8298
9553
15291
4195
5445
10410
1833
8551
6842
4154
9553
6350
2812
14673
11971
11024
4633
8010
12398
10696
8473
1001
1430
2
10807
8005
12417
12942
150
6832
13949
7735
13444
11963
3225
9564
4573
458
4848
6523
9758
10831
4901
10812
1568
7998
7404
7271
9588
9604
11972
15198
12402
7302
7792
12279
7961
3027
6494
3265
11019
3323
11009
14255
10455
14850
9119
13825
10941
13542
7513
13465
3468
7699
6871
4284
11743
14650
14420
1345
10742
1379
12425
7336
9804
10468
4898
13569
6227
10987
560
7772
14840
1445
7316
1491
3515
14840
1544
3654
10027
793
10941
11554
10075
7109
3361
4871
3178
3371
3430
414
3249
3528
14961
14716
483
9245
6530
10057
8139
12829
15434
7659
30
13843
9545
14910
10944
9413
10053
8758
10108
717
14981
9519
11942
11941
2955
5953
8132
12832
3799
9517
9415
8278
5658
2570
8761
7705
7003
882
10665
3952
6073
11556
8176
9151
9366
8968
7538
5658
6820
913
2377
5236
6235
10898
9418
3936
8707
7671
6966
13067
8271
13184
9492
13045
1463
8174
8073
6462
11484
8069
12790
7186
12380
6748
2077
10167
6613
14230
12745
8600
6578
2134
8767
12402
14495
12866
8166
1710
505
8735
10631
12540
1811
1696
480
13059
9424
2258
13029
4062
14581
13083
10026
13293
3533
3745
3470
12757
8964
1693
12538
9852
8898
12576
7225
10082
5684
7474
7245
12153
13787
13616
6355
7180
1536
3146
10556
14432
4947
11115
9042
14122
5927
1756
2980
5878
1827
7397
2305
10701
15546
1756
257
13730
15276
9014
9557
4465
4507
4020
3829
3632
2091
8623
13172
690
3037
11093
11641
10126
2180
5466
7837
7684
5397
3535
3674
47
11574
9314
4591
2603
9380
11853
1
13039
13032
13020
9634
11570
10763
10819
13176
9658
1760
7674
9968
14945
927
579
7538
9574
13313
794
7538
13304
5870
4408
4236
4374
1758
7251
2451
10349
908
1098
4879
729
13163
13414
10194
7489
14328
10273
13123
3622
8042
15211
5980
5981
4342
4
8102
13311
6997
11956
8605
1512
3
7253
1991
6864
1076
4836
4587
4763
4835
4766
1
11223
9775
12600
11320
12614
12850
8845
9553
9124
8888
8902
9241
5840
9206
12016
9553
11381
5180
4312
3417
2416
2634
13815
9959
2088
1259
948
906
1757
15145
4064
10129
2145
2641
343
9553
14036
3990
4010
4907
2190
11388
10911
4605
1866
794
13059
8993
2288
6019
4265
4768
4632
10920
13059
6191
12012
12013
1757
9553
5855
824
706
825
884
7054
1756
6907
6695
3588
6886
6619
6955
15541
1802
6549
4916
2644
2665
4051
1159
12943
1829
6475
4153
13060
14909
9845
9553
14444
12763
3720
10786
1738
9586
12998
892
6358
6963
13061
4359
5647
1224
13654
952
11529
1900
15113
9743
10940
14760
2665
8738
12881
3455
13194
1030
13613
11362
11720
6859
12871
12863
12812
12852
9555
1386
518
10935
13741
12773
1336
12884
14157
1879
9553
3413
2725
10011
9748
4153
5179
9554
3497
2238
13267
2083
9991
8816
2335
15476
9370
6796
5539
15263
3796
177
764
14094
4999
8392
14962
7670
1037
14226
1759
8085
868
426
7582
74
831
15293
8580
13519
14827
12152
6198
15005
14104
3547
3603
8400
14194
14096
2140
1271
2993
12113
10725
4578
551
124
10241
10647
10698
5
13152
7820
1807
2677
2714
521
13063
7893
13757
15195
15618
2128
6952
7781
4
3972
3114
5209
6219
15497
15091
9061
8117
46
14986
4742
20
5436
8569
11155
13889
4000
10941
13555
1495
15217
5694
6098
10048
6676
13469
1756
13758
14084
14772
11799
10553
5982
14708
13957
13230
11158
10958
12568
11294
12181
188
5187
14196
580
4315
753
6
12443
11010
6684
12530
8647
6610
12583
80
794
6069
15243
7326
3370
5716
3551
5158
15256
6261
1
10762
13091
12253
15291
1891
7557
4025
4648
8333
8858
6433
8819
6020
11015
12562
10557
11905
9893
192
12509
12980
3839
6610
9553
8078
13938
2276
15491
9386
13820
10357
2821
7698
3251
2715
11661
2738
4547
13061
13059
2381
6111
6760
7579
3107
5265
13391
4904
11234
11527
5179
2553
4323
4705
4886
4535
14909
4181
5939
3395
12122
15515
13108
3094
1048
15494
532
685
4343
704
1836
3
13059
8296
11338
4363
13697
6905
10023
7907
12230
15441
6583
7623
2161
1430
2
10806
13213
7898
14253
15552
8728
6041
11825
11094
3526
5201
13062
7894
15249
9342
2328
758
3312
13853
15404
4225
7199
178
3365
8775
5213
15524
8610
13707
10591
2665
15205
4060
3366
5874
10486
5962
2837
943
13155
7825
12525
6175
3354
2064
3283
13694
4630
4807
13576
12118
3838
3787
9891
14226
0
15016
12815
5473
1756
914
8403
5249
11578
14640
12769
1291
5196
13446
10588
2666
5611
8224
7674
12724
1553
3648
11189
11278
10577
1456
3818
973
8488
5
3006
2379
5237
6580
11039
6436
6454
13591
8844
5143
12403
2286
2159
10002
3447
10047
2200
8006
683
4406
15041
5774
6435
14909
2102
7669
3687
14340
6980
7066
3080
8418
15457
9997
83
5118
1312
7403
6187
4367
4594
14909
5032
4376
5117
14909
13060
9553
11084
13784
8398
1055
5026
6414
14329
13825
7935
4035
1784
8191
6915
8806
4153
14661
9601
12736
8737
8636
11184
5618
3060
4814
12887
10709
13578
1756
4997
2589
6466
8347
3532
4519
2899
4573
5613
12004
13139
4480
11108
14320
8317
13495
12828
4999
4145
3986
1597
5929
4573
6326
5387
174
1134
10466
7485
12707
8653
8805
13149
12726
2787
7629
12716
8808
7553
5412
3910
8796
7506
8225
314
8270
10494
5790
8007
11962
9547
10941
5914
9069
4313
10971
15478
6848
4153
14996
10346
6165
0
170
9390
5517
14337
13301
11365
936
1059
1073
13292
13159
14339
935
4775
15529
6882
4995
14199
10345
14148
10237
10891
13122
10884
10898
8857
12412
9144
1502
7558
13153
3145
6085
10565
6094
10661
3157
10984
676
8662
3699
12550
325
1465
3
12434
11855
11948
2040
11062
1248
9633
1493
3070
1002
6942
9211
4083
4153
11170
3762
3118
2160
1236
8809
3041
11707
13315
4235
15196
14603
15239
13621
2894
11568
9898
10352
743
724
9677
3883
2784
146
14378
5048
6132
2329
6887
6669
6940
4154
2656
10612
106
1516
5503
7164
10750
2665
2452
7158
4281
11702
10073
11331
9509
7524
10333
13636
10506
10509
10255
9092
2734
9273
910
13060
3308
4153
10748
14910
3646
15384
15354
15367
15507
2156
2718
13679
2151
14910
2973
4081
8244
1365
15018
3426
10582
2879
9859
15062
9764
10245
14482
14437
4153
9682
15201
13591
7071
13059
2814
7001
3355
6407
5533
14204
15273
12210
8837
5936
11028
12781
4913
11447
13247
10564
6984
4153
14490
5345
13059
6281
6603
9715
4100
2600
3
11874
14100
2173
3737
6451
14956
5900
2455
5648
10940
683
10244
2312
9744
12042
13059
13833
15252
2794
12006
1664
6919
5359
1756
1825
3905
754
669
461
6710
4153
15028
15028
4398
12258
5426
14909
12180
14488
9098
15161
13061
13059
15282
4540
8697
14485
6314
9553
12952
2085
11794
6519
2286
9553
9217
14414
4353
13059
13485
3483
14405
4404
9553
9768
13324
8960
9553
14180
14175
14191
1701
2666
10519
7165
10319
10940
2638
12036
10940
13904
15402
10940
12095
12805
10940
11314
9820
4903
1756
12340
6174
11157
5898
11413
7026
11886
6161
11843
5162
11458
1349
1756
13406
776
10546
13599
11586
579
11683
13368
13059
1338
6771
13771
6721
12020
1680
6651
9553
11376
6826
0
12150
2789
6013
11555
13456
4153
3441
10106
13059
11132
12063
2030
1886
7134
1161
15437
4242
14470
5575
6727
13727
7030
4039
15234
8830
6725
1422
14005
6369
14848
15542
3496
4154
9553
4858
4873
1961
4744
5676
14462
2815
13988
12135
3965
14222
2395
4870
6452
2178
5446
11920
4436
8777
10433
10466
9553
4839
2448
5423
1
13059
13287
13287
7538
7260
13971
13592
5061
9128
400
10107
13287
6555
6554
1756
13931
10942
15114
579
10592
12037
15076
2908
11445
10630
10215
11612
10991
15184
9006
6627
6083
1855
14052
2688
13387
1066
13069
296
14226
10046
13072
12017
12915
9625
785
13314
1375
13626
13169
958
1768
1854
2402
11828
4155
6821
2021
2018
4417
2816
7675
13333
7782
1944
3446
2897
7398
12619
12507
1987
2207
11345
3804
4153
13378
11097
12402
3978
3068
810
872
1840
1530
2508
7924
260
62
1932
162
9568
12280
10226
122
1382
2917
2054
14239
3348
4592
3573
5933
12395
2202
693
7569
7847
8988
7618
1430
2
10805
9422
3163
13012
8452
8380
8869
8733
7194
8313
12343
9669
7791
14416
8752
137
12388
13344
13967
3221
796
12502
4647
12497
12488
12474
7419
12665
1290
10507
2968
11077
233
7615
12648
8633
11937
6893
7406
2763
11308
5794
7933
12858
5519
6914
6173
2773
4573
3657
626
4561
7775
10898
2773
4573
1434
11465
10937
7168
7538
9277
7033
118
5012
4264
4494
3092
12026
8263
14602
9501
3688
7665
12734
9473
9423
12296
8204
12303
3471
12364
11493
12543
12329
7585
3554
4939
648
13474
12828
7476
12733
3686
14836
8731
7432
10005
1559
3942
7530
9255
1164
5508
10901
4102
7704
3
8260
10452
3612
12758
11186
7116
14867
3124
10778
65
3015
12108
10610
4730
14830
8458
1883
1452
3069
10680
10446
13632
1756
3837
4255
5252
3668
9895
6386
9298
507
10701
1211
14380
5671
619
10240
15304
12779
10238
13628
1
6385
13825
9608
9553
2602
13114
589
445
4665
4656
1908
13059
9343
1757
2463
1232
2951
1757
3779
9443
7672
9417
2027
6136
6218
6217
6023
5935
6409
6356
6335
6060
6135
15301
10109
13059
1020
1400
9636
14026
13099
13170
13310
13580
7650
9553
10409
5366
13265
13101
13100
13086
13332
9553
8606
2118
10165
13059
2075
3811
2057
1858
12116
10669
2063
5206
9676
9553
1526
565
13019
13059
9524
5678
6241
10845
9553
7103
12780
0
10789
10403
8982
9553
13724
5285
5043
2349
11994
7121
9553
6967
11587
2901
6554
6967
5000
2390
10107
4155
6743
1756
13695
1
12214
1
6684
12762
6347
10921
1
14179
7091
15485
10701
13827
2201
10107
1
7122
12139
6553
5927
8890
15643
7021
1233
4154
13858
14045
9045
4156
9371
14547
3497
9553
13383
5418
14121
5534
7453
5140
15628
15160
10095
10728
11859
14209
13483
10929
9978
4150
12060
13462
11630
12920
15549
5897
6366
12240
11407
12365
10896
10010
4798
6429
14682
15121
2411
2407
4501
6090
15002
6767
11310
10655
12148
12059
2175
12056
6079
14712
15597
3859
1277
14965
6298
4542
10242
13775
14610
15606
2991
7093
4080
1993
12041
2471
10424
9108
10219
9149
11044
12893
2185
5179
5927
9553
6418
11195
13487
12231
13492
15393
11804
5572
4
14220
9660
11053
13825
0
2713
2073
2783
2144
1770
1850
2775
3443
821
4650
2810
9553
11371
2526
7285
4056
5754
11316
4999
13059
4708
3374
4377
1916
7681
2862
13597
12343
11352
1756
15095
11377
13653
10646
3409
4
9553
7083
8550
13524
12882
5186
6975
40
1756
5527
5463
11725
1
11517
13842
9393
9553
7046
2986
9210
3790
10941
15259
6419
12991
14313
15208
7999
8063
12770
10992
14227
0
13976
4610
6344
7089
12811
13879
13241
15544
1369
4283
12076
13056
7554
15612
3947
12093
9553
14987
6652
6533
894
15144
1405
15142
11895
6828
12221
13749
6370
5338
6271
4846
15677
13881
11700
13431
1081
9326
3865
14007
15081
5233
12242
4153
6133
11586
0
9552
3537
3564
7983
9552
11271
12062
13059
9553
14227
6553
13592
13591
14721
8276
13059
15292
12250
13059
6554
13592
4154
13060
4154
14227
10941
9553
541
11254
5819
4992
14739
6976
2747
14164
4067
5820
7044
0
9553
11753
6728
12201
12282
2835
6110
14142
3961
15177
6498
13694
5737
13591
15158
9244
1756
2505
6606
3672
2252
13128
11150
2414
431
1808
7100
11781
10306
3693
9900
6898
12259
5941
3350
9651
5247
14285
4505
4154
8026
10475
5837
8000
7750
8579
9558
7944
4534
4162
585
721
3746
5670
2543
4153
4543
2
5365
2503
5706
2286
4850
10346
277
190
4669
12266
816
5351
5738
3115
10973
12336
4573
3158
3902
185
9611
549
10185
10463
265
11023
9798
12647
11353
596
10074
13173
7975
8455
1125
1060
1430
2
10814
5738
3011
14024
4154
1756
11666
2737
15140
6628
6176
8904
5832
9940
9558
12564
14057
11985
12278
3147
1158
12433
4496
7835
12752
5486
12591
6262
7110
6119
1
11524
12402
10842
15291
7540
12418
8848
3290
13591
7793
7900
3675
12489
11922
4786
9553
4867
12147
15186
10210
4304
15039
13903
11628
14228
9553
2119
13405
2823
13328
6798
7656
13400
4429
4975
9553
13906
5890
6511
13643
4810
5391
469
13652
7004
962
9553
6958
8931
14427
15157
1292
4153
8843
1756
9553
7801
1406
5542
1162
4820
14704
1756
9553
2046
9805
11255
1730
4841
10459
4737
13390
15291
5791
13059
7010
5907
5286
5913
5745
7147
12909
9553
4802
1589
1300
5384
11991
4387
4602
2665
11929
8361
4268
10979
14384
9553
13898
7115
5737
9553
11166
3175
11622
3214
2112
11632
3176
15388
3235
9038
15138
10243
7258
3111
6337
8020
3643
3038
8523
7216
4096
1374
8502
2200
3569
2668
2918
149
8018
3109
8504
3441
1756
7035
2142
13365
14450
15270
2150
14226
5560
7021
13059
4783
11975
13059
6481
1720
9554
3497
2320
3367
7151
9137
3168
2432
8849
790
2947
701
7487
7218
7252
7584
7217
7
3508
2997
13748
13574
11096
1130
9027
1756
8836
11066
981
1673
11218
1726
11668
13948
10072
281
14983
4788
63
14226
916
13364
2802
15649
8370
13031
10886
11334
4014
14687
6163
1
9987
10760
7274
6607
12402
558
6091
4092
13275
13709
14418
11802
1846
4241
3197
3454
2850
4785
12974
2932
3274
4413
12847
11036
23
4915
1756
3
15654
12071
13635
9209
13060
5421
15578
8930
2358
9280
9305
6156
329
2759
2946
250
3016
10113
3828
1034
1
769
12052
2996
7493
3826
168
5068
9786
1013
4899
3627
13999
6061
5105
12027
9134
5714
13773
8107
13694
14033
5450
12133
344
4178
219
4050
3575
4329
12125
5963
4186
6605
5045
13591
4772
5030
4428
13694
5501
13869
2665
337
12317
13077
13076
14921
2242
4300
258
3404
9931
4392
13825
7832
1903
13945
2038
2100
15661
7265
1226
4153
5360
15380
10941
7503
14458
15079
10246
10527
13249
0
2429
2323
0
2257
535
0
2241
323
13110
335
5928
0
3268
9114
6153
1242
5673
10986
10175
10994
2574
3258
9854
1012
5610
2382
5734
4925
7081
4306
10940
6889
1303
14053
12000
10660
9581
10346
1
9553
12356
12868
12929
1800
15487
1756
3
8111
446
3
14971
9711
3
13529
7235
8559
1258
10024
7755
10024
7754
1462
3173
13242
2488
1433
2
10811
11069
12359
11949
9704
10083
7744
1646
12528
13956
8423
12511
855
212
4529
886
12514
10702
1766
6565
10262
10392
10108
3002
12047
9930
10921
12355
12876
5398
12877
10337
369
1672
7824
1831
5785
472
11228
3544
492
1233
1756
10801
13512
6814
13305
4394
11012
3971
3267
7479
2357
1391
3908
6608
9613
2290
10365
9077
2970
9627
15295
483
6520
15038
10940
4667
6172
14582
12024
141
4885
6960
13424
7686
1302
9984
6036
13655
6489
5125
7627
7505
2919
10847
3154
1439
5943
11580
12744
7677
12179
10159
12058
11959
10197
12228
10652
7200
13874
401
3127
1857
4171
2269
1759
7962
5843
10032
6804
9235
15414
11588
7609
355
2683
14178
9325
9948
3694
1111
9774
12643
12834
6538
874
11943
4107
8598
5660
1234
3064
4657
8508
1170
6267
14534
12828
7431
12685
13733
5667
12450
2542
8460
5532
4154
5658
6675
8901
6105
5857
6670
4105
5481
6383
649
8416
4106
11754
5658
15454
13240
2857
4154
4775
7646
14741
1668
2041
13676
7566
4147
14291
14517
12402
7298
9409
12931
4132
12842
4121
7311
12639
8802
8724
12674
8572
5630
3733
1
15571
15242
792
9553
13946
8435
12785
2969
15023
3888
9754
4152
2229
3043
13221
12797
12663
1703
3991
2565
408
13059
14554
14804
2397
4714
3536
947
997
6274
8290
1031
822
7262
7198
7213
7384
5049
10542
8171
9999
14421
7515
11519
12793
12481
7663
7048
7869
8094
3571
8149
8529
11256
14860
6648
9596
9616
9577
10825
5564
11688
13825
6553
9328
5687
637
2666
1437
4615
793
13059
2
14361
11713
9998
6268
6219
4221
2266
15029
8884
416
4795
2
843
9864
4527
15643
13059
252
972
1
13145
620
1554
4164
6352
8897
1554
6707
13127
14195
2666
6321
2
8
1
0
4153
4153
1
1
4153
4153
1439
4509
0
5401
13294
4767
425
1757
2692
2501
2711
1757
3360
1757
2877
728
3607
4077
5174
13791
6180
3473
1
1
1
1
1
3473
1
1
1
1
1
3473
9553
1
1
9553
7164
3473
1
7164
9553
1
1
579
4427
11514
14547
5882
13059
14275
13042
1090
6436
1706
1685
10711
429
1089
3
484
5402
5995
3707
13059
6254
8702
869
5643
4621
4623
13361
9894
2990
683
2665
1247
0
394
1618
175
770
7369
7215
9553
528
8017
3605
777
6553
9553
9941
846
4495
3492
792
6772
11223
6059
11272
3421
12804
2368
13688
13491
6125
4808
6705
7460
8277
793
8773
2650
5522
12961
5525
6425
1745
3279
13931
1732
7365
14383
14506
14457
2334
15379
13591
6818
6264
1114
77
10940
7312
5599
13075
10967
13937
3730
9913
9608
14784
9643
10164
7208
11136
302
10149
5938
15463
13939
13835
13828
14468
13836
14464
14689
12894
7568
6948
4
9553
866
1856
500
200
10037
9555
1746
1746
1746
683
2502
1481
4506
4319
1667
1622
8352
4512
4511
4514
5929
1511
6081
719
1756
9793
6334
4153
13534
1531
8320
7164
13022
7164
13024
7164
13018
3553
7164
13027
11099
9554
3497
15492
2310
2308
2247
6393
140
3040
4399
820
11610
713
3065
2513
7619
7261
13419
7892
14926
4234
1958
3444
1799
852
6559
7322
14483
7854
15641
13651
14226
3188
13285
338
13347
6890
14606
8876
94
7808
9257
8739
11074
7908
11566
14226
206
10461
13062
7897
14780
15626
15165
8667
8645
8978
6435
9553
4643
9271
1183
4849
13060
2900
3629
11882
11088
6024
6247
2678
3353
8602
3199
3962
13694
4153
8855
11642
11370
1323
3497
211
12106
5403
13147
850
811
7996
7997
4169
4360
13062
856
401
49
15316
15488
1
1
1
402
387
887
423
15315
15517
1
1
1
13288
4003
406
2987
13062
1490
15318
15506
3958
3958
3958
3958
3958
12402
9594
5443
11292
3636
9565
3138
11618
533
3310
13763
11305
2403
3808
4354
5573
5562
4472
13319
9553
15396
15378
9716
13622
4006
14941
6252
7970
7000
9152
13198
10174
12213
15112
15271
11625
10868
111
4154
2665
10989
5220
14252
14154
2086
9628
9374
11119
4154
9553
132
13895
2844
14002
1166
5
5606
497
13707
9558
3339
4855
5652
2527
995
7224
5609
5307
13694
4530
4510
4191
13931
5726
9282
3363
11925
11594
12238
9167
9556
7953
11604
11732
8934
13062
7352
15526
9530
7628
9556
7359
12239
8966
9090
1433
2
10817
3762
7813
1426
8652
11521
12873
7655
12888
12623
3889
13642
12402
11600
7956
11203
691
11168
586
3349
9185
11056
1616
15274
165
12515
15015
14672
8615
3513
7052
8477
13526
12491
15068
14560
1
11082
12343
10356
10024
12484
7709
9939
12496
10949
2373
1638
2681
10023
12400
7623
7603
9939
12375
1641
13966
1756
5263
11344
15657
6775
14333
8512
5802
13663
8226
7712
7238
5801
10700
15467
1274
14939
13179
13772
12015
7764
13998
12067
739
2446
15605
15596
9770
26
3102
14857
591
7
5064
921
3974
3045
7184
9909
2273
5680
6474
14909
5616
13694
9903
12727
9961
11809
9304
9303
9091
12747
10677
9397
12743
11355
13950
9553
1581
3507
434
1079
9125
7168
4941
8145
9629
11537
8245
8863
12320
354
3
8164
10039
4036
960
2943
4464
4775
5796
11339
13413
4889
6502
3710
3775
1288
6591
13876
15485
4573
9953
15582
1819
14523
5380
5251
13505
2261
4629
1860
9261
14881
5597
7739
9767
6282
5805
8642
2070
7220
12642
8053
5296
7519
1195
12527
3718
10120
3200
1927
9922
2435
6025
813
1
10328
12932
3386
9400
13443
7
6863
3025
5205
5194
4212
12652
12645
9404
6546
3005
650
925
8847
12756
2576
7592
6600
5988
6531
12796
8161
3406
2935
848
3445
1
14923
14360
12826
12486
1598
9320
3467
12463
9838
10227
1362
1254
13059
15200
1913
828
4589
2434
1223
9097
9113
9582
1437
702
4946
9983
293
13300
1344
7167
326
7538
158
11499
12569
11490
3465
3035
13484
11139
5665
11510
6097
11144
4153
15446
13060
1756
11722
14155
14608
14487
2321
9281
8962
9031
610
240
4470
5787
13
3074
1145
11660
12032
7722
7723
8656
7529
4443
6052
9556
5459
13326
1122
5852
3352
1189
5001
6943
11402
8683
8075
4097
2604
2874
6313
4153
2753
3538
2287
7165
6242
9214
5159
14989
5894
15190
14958
2436
8077
1013
13860
3415
6195
15220
8597
5060
2943
1207
4910
12934
4857
2622
6336
6379
2665
7045
12182
4874
5010
14491
1341
2389
13794
15676
10900
10430
153
14969
3498
2665
2524
3543
14509
2437
7260
12215
3420
4793
9769
2966
7091
0
8617
223
4821
5927
15139
2665
13940
6292
14769
6272
15204
12895
10697
3379
14544
14645
12009
7152
13567
15222
7117
1012
15251
12343
5503
9553
10570
5512
5515
11824
2462
5523
887
9553
11337
887
2868
11251
2043
839
457
2654
3
9553
11070
808
3628
1015
1016
489
9035
9553
14037
7129
6642
10445
1110
8846
9553
10419
2420
2781
5283
10360
9047
8405
8854
2311
11004
8951
9121
9129
10300
11239
11361
2648
6660
9553
6616
2387
1353
10582
6435
9553
6800
13650
2854
1579
10097
14079
7433
251
14101
4486
14832
9553
8072
3887
11363
13995
1755
8454
14181
15227
15269
10954
7164
3849
9553
7250
15333
12791
15308
4159
4084
9553
8353
14733
14955
1935
11677
6071
11461
10267
6664
10687
15267
12227
12138
5990
13721
15415
14698
1679
13729
2025
11942
4246
7631
12605
6096
2563
11438
13059
6562
15356
15359
15358
6811
11223
6834
9956
4998
13059
8827
3476
11551
1429
15631
9553
6957
12079
15548
4877
11408
7133
13244
4153
15572
13592
9553
14886
4998
14821
4998
14775
4998
14675
15484
14022
6554
14227
4154
14675
15572
15484
15484
792
7021
4154
8277
8277
8277
8277
8277
14475
14759
15380
1685
9044
3497
9553
6839
14287
11505
13463
9362
1201
15627
8481
13877
5927
9553
6683
6420
13785
6118
9363
11346
6714
11988
7148
12168
14699
6476
13591
9464
9553
8123
6769
6230
14999
9354
15176
2836
13991
13336
3625
13941
4570
2528
10941
9553
13175
12247
4837
15432
10712
15519
9938
2146
4859
7136
9228
15389
14501
11553
15137
12029
11342
14021
9553
13841
15678
10600
9816
6354
12910
3497
6517
4001
4004
10741
9556
7353
12202
6009
9201
10023
7360
15097
11581
9428
10559
7632
9433
123
594
12343
10085
8182
13082
7816
13973
13605
13915
8489
9617
3328
10062
14226
9814
15172
56
3137
11952
9753
10467
2389
6843
5055
5322
10931
3501
3236
8616
3562
1755
2623
7674
1763
606
381
3291
5713
8987
11016
4153
10414
12850
3
4760
1611
9541
13059
11486
5927
14226
7678
13782
13767
13765
14726
13725
14702
13752
14724
13983
14117
14725
14127
14116
14129
6822
5904
5905
5906
14727
5876
12985
12984
12986
5875
6830
11427
6104
9721
12402
1218
3879
4658
4479
4467
4466
1884
6
14260
3325
13073
8482
9684
11876
3666
5
736
2944
3
15244
4154
6007
4680
4600
2237
5622
5934
14628
14257
14342
14381
4964
4649
4631
14853
14851
14514
4379
14325
14324
14472
14300
4533
14293
10940
10940
10940
4153
11238
14292
4573
8631
15099
14914
14355
14355
8376
8356
14438
15087
14306
8375
14955
14931
14615
14347
14431
15135
15108
15221
14447
10953
8378
14327
14430
14374
14236
8378
14570
14572
14573
8365
14949
14389
14404
14948
8355
14235
14622
14562
6067
8381
9048
9112
9088
9180
10187
4999
9120
14976
14975
14994
14933
9175
9172
9177
9171
4988
9330
12402
5
733
3630
4
732
10374
9565
12338
2205
6950
6275
386
4750
823
10912
10913
14226
6553
8673
11772
11731
6371
4
8583
12522
10208
940
15098
4488
7307
5438
9028
9483
14376
987
1948
11382
13151
14386
5112
1354
2624
1604
8045
12384
4751
6398
13694
4688
9553
10247
7047
6923
4114
2750
1582
9556
7864
11482
12220
8637
13917
7896
14691
15052
15535
13573
7855
14781
14391
14566
15022
4260
14875
10083
7903
10294
6525
2717
1433
2
10818
9673
12112
8754
7640
9556
7904
10561
8944
10624
12286
10348
4041
7335
4269
10555
9822
137
4188
13112
5179
3768
11264
3252
8612
4272
4154
2665
3462
7222
14829
5502
8106
10117
3247
5462
11540
5353
3567
9556
12285
300
3004
4381
8198
8252
8129
7912
3725
3320
7039
2761
7548
11006
3671
334
1613
3276
1848
13830
9030
2982
7578
1330
1364
15421
14782
12799
12391
819
756
5744
10724
12373
10029
10469
3166
807
826
2666
3135
5035
12767
3928
1171
7192
2566
5755
3437
8012
400
3306
9610
2981
14508
10940
12818
3077
7086
15049
1234
5658
10658
9985
5976
2883
11999
12246
7689
14449
6690
15646
7417
12684
7639
6464
10522
10664
12708
2098
11676
6448
4799
2811
10768
8152
12081
11880
11758
10708
8868
12578
8975
2913
3714
8329
1
12608
12343
10874
13062
4573
6212
15390
5134
29
3456
7176
8540
12703
12892
3678
12686
6803
12662
14810
7263
14149
5385
793
5926
5921
13205
13963
13209
13226
13846
13433
13789
13699
13649
14262
15305
15065
10932
4
8159
1496
8630
1056
9495
12748
10722
14901
11409
12735
14265
4183
13893
12739
9182
3874
3085
14201
8903
3935
9311
9266
2
10950
10114
12637
11765
1448
12694
12695
774
3013
10956
6255
7759
898
969
5065
7167
9553
10717
10503
5752
10887
1676
6566
1485
13059
11076
15074
10259
5088
3522
10757
6005
5967
793
8160
2729
9133
13064
3050
10013
7818
9889
1892
3259
9623
2431
10204
12010
8168
9510
9477
14815
10865
12666
7458
3822
280
5321
1564
3100
7556
4952
616
9004
7668
4350
9485
12101
1756
10860
11419
13943
10140
11191
11704
3014
5488
4806
1663
3110
5499
7017
9011
7979
2610
7533
1655
7971
10713
1967
1759
12547
10040
4955
14238
6150
1561
7843
6315
3755
8848
12596
16
10941
4564
14974
922
9591
4153
13088
10346
13591
13825
1576
5957
1602
10411
13216
10547
6343
7239
5
5204
2727
5
974
14587
13933
13811
13162
5
993
10477
227
2671
14604
2856
14658
13248
14480
6318
15017
4483
8544
12983
11901
10835
5929
14795
432
1689
3498
8671
5409
14637
14322
13168
14010
1834
4694
5858
14797
3872
3871
9888
13857
6204
1895
1225
1
718
3750
5343
4055
5737
15131
6421
5535
4453
15203
15277
15631
8910
2618
9441
4270
2248
7591
3516
1755
8393
10106
1969
9239
10502
8417
8214
7266
7594
7409
8363
7293
10893
1437
3495
8415
1146
13840
4131
15032
6137
10859
1481
11736
10106
15210
155
4117
5277
989
2204
6072
12241
9553
6434
8500
5086
14019
13753
6918
13887
14745
13790
14001
1756
2279
1119
2443
1047
1869
4999
11165
9377
1279
4860
13710
6542
10753
7132
6711
6244
3286
6311
15028
14215
13537
10930
15630
15417
4991
10833
7
10941
2044
452
11475
4154
9553
15101
6299
13981
13497
1053
13490
4620
1700
10314
10110
9583
0
2916
9552
14160
13009
6891
5034
9552
12164
13193
249
9552
6862
15642
14386
7164
9372
9832
5161
474
8758
1415
2158
2391
8758
5007
1297
2225
588
5456
8758
3960
57
2626
2393
9159
890
5015
13863
1410
2804
9268
6895
4794
10470
559
4854
13746
1
9797
11617
12343
192
6284
6033
270
459
493
4361
5973
4249
9553
4430
1115
4327
9284
9553
11313
3697
2931
1876
10283
9553
7272
14551
5013
5025
11550
1832
10948
4018
10856
13296
7866
9876
14439
9760
11946
14818
10662
10200
9001
14636
1756
2760
5482
13595
13085
1436
2169
13548
12941
1946
4063
14226
2751
13421
3519
70
10313
5109
5151
1946
2194
2365
14678
5226
2339
9554
3497
5080
3407
1997
3434
14029
9162
1
12719
10168
15314
13016
870
9988
3705
544
731
5561
10484
5686
2695
3956
2122
9306
10035
7780
3997
3096
1975
10626
1425
6870
7203
3599
1820
3497
10639
568
271
1849
444
1758
14557
7928
13711
11296
7630
10947
10969
12424
10216
10228
11017
7747
4
3079
12914
2619
3296
13871
15091
12265
3222
1773
10607
13111
5495
11679
7411
1366
88
5720
8124
14909
10996
401
12429
10310
9218
637
3046
9563
4971
4346
4653
5923
4541
6183
4838
10041
8090
12031
2
5545
11953
9966
6029
13286
12207
5188
11289
11131
308
4573
10904
833
6286
10105
1460
13944
5997
13591
209
5783
3408
6911
0
4356
214
0
2426
130
1
12839
12343
12330
13825
13060
13059
8496
5478
10370
2418
2304
11693
11614
2909
6969
2822
3691
3054
3964
1
11586
8771
5141
10765
1954
9037
14288
11249
1624
13061
7757
13335
7056
9555
7753
9873
9696
1484
3131
9975
8998
8996
11183
11421
1433
2
10813
3213
8090
3767
15623
11450
13681
7715
4153
2056
5928
2389
13922
5461
939
6480
13984
3708
13974
85
12513
3891
2226
2210
8016
7778
7494
10747
11448
1619
5
2921
10006
12399
13930
12211
1296
6000
677
10781
6794
3
4759
1988
7502
5928
9553
4403
1003
4424
1440
12437
13703
2829
3622
4894
13591
8711
4522
13696
7943
7873
7874
11068
608
3346
1867
10625
10161
53
12465
129
9357
13416
13962
10640
3322
12127
8896
10500
4
3351
237
1199
4580
13059
10151
14583
14139
10597
103
3180
2895
1540
1541
3770
2912
6884
6267
13777
12343
7540
5520
5815
1648
3044
5513
14041
1612
8620
8593
7462
3244
10827
3552
3149
12862
14296
3402
3729
4666
13238
1756
13736
3449
10683
2198
13341
3390
11049
10251
10701
1439
5464
630
3744
3256
3735
4573
3294
3487
7549
7379
12683
3307
9972
10529
10654
6155
2506
4322
6129
10183
11790
6488
10764
2870
2481
1552
3435
15096
12343
12251
7812
11552
11134
8165
3749
9246
7167
5850
6495
6253
7490
7303
4844
9557
4099
6917
287
5834
1724
6455
8720
12837
7399
15574
8394
10932
7168
4151
8838
7980
2400
7167
3944
2667
7766
10376
7168
3954
7361
6453
3053
6101
12114
12159
8716
9308
13351
91
3919
357
4204
10382
17
12545
3670
12366
12549
1992
12438
12377
12912
374
3123
14586
15118
10531
9396
6545
9503
553
417
8236
12923
9408
5828
4998
15495
1280
3179
7283
5576
14701
8787
12194
15556
11718
15435
4154
7674
14817
5175
6485
6116
4538
8587
13160
7307
13059
7185
13059
7366
13059
7599
13059
8604
13059
8334
13059
8316
13059
7590
13059
12994
13059
12996
13059
7602
11400
14993
15084
14765
13524
1
11495
11494
11515
11541
11538
1
11520
11473
11481
7164
11516
11474
11058
11400
15151
4019
13059
1727
193
6630
1947
13192
784
7522
6328
1275
98
7730
7088
10943
9553
12050
11696
15635
14766
1303
13060
1492
4662
5092
1420
4153
9615
9697
13660
8277
11586
12283
6570
15451
15580
15663
7328
7165
0
10250
11577
15170
1289
6084
2899
13059
4371
5536
2693
15554
14077
12226
7426
6856
13059
12718
15579
6851
14520
12156
10329
13714
4286
12825
9553
3728
14051
8537
7701
4070
1215
14653
6345
10025
1233
5163
9546
3916
5475
12927
12970
4671
5324
15291
9808
10606
14624
12183
2907
10872
11299
10147
10645
10181
11841
13273
94
7821
1546
15498
15130
13647
15025
8491
13182
13825
7976
11265
9002
14226
15109
8955
15051
13207
11821
4153
13183
14318
13025
5927
10207
10248
10670
10458
10456
10266
148
3284
11160
1756
7789
11212
2904
2155
11304
12082
14226
313
10276
11247
10278
11067
3706
292
3497
7532
6625
9352
12948
4389
5929
2201
750
1704
330
5203
5856
3473
5071
3727
8060
8066
14232
12539
716
11081
6406
14233
15644
10017
9868
12111
7687
4482
1756
3
13291
14309
5580
5400
9829
6553
5267
10513
363
2903
10990
13960
5950
12055
5239
4156
5238
2216
5
5072
8284
4
12468
4228
9946
3584
6102
4189
6205
5700
5718
5
3104
12859
14259
11210
7
3055
11658
11418
3
12584
5811
5927
2665
14825
1094
4038
15232
13592
3051
2277
343
3052
14476
3481
6553
13905
2000
5003
4153
12061
12402
10754
12612
12967
12343
5929
3394
1699
4013
10205
2905
2852
8999
3300
1851
11454
10155
9995
6329
14740
15523
5329
11652
13062
7895
14934
6323
7634
2872
1433
2
10798
9556
7798
525
10102
7881
12119
9504
9200
12267
7902
13403
14366
1116
5649
14706
4153
8044
12402
128
8201
7364
2092
2560
9556
12482
3375
9036
12594
1453
4017
10038
2937
11078
13552
12494
7182
3261
10685
12025
3520
3792
3815
14226
4153
1472
89
4598
7338
9154
4294
2340
7572
3192
13766
1074
9174
15045
15167
1712
1603
5929
14978
115
6812
14911
3177
9955
2887
34
14015
5
4247
3208
7121
4764
12864
15337
5732
8338
10603
13911
3594
5075
11047
3400
5804
4352
5860
10316
1570
3429
2470
6791
1756
12636
2592
3132
6479
6043
9904
3101
11582
11986
9499
14813
11038
9817
7573
9964
10067
10060
3453
5956
12237
2344
2511
13592
9553
4588
7410
1527
15477
13266
6697
2899
5658
14801
988
5831
1756
5834
9912
4137
10573
13824
4244
8200
10834
5449
12409
11297
3996
7413
10963
12640
9910
9523
12690
8372
12687
7588
8485
1
15260
12828
15499
12343
9821
12653
4037
506
12732
13678
7305
1786
7946
14590
11951
8713
7965
9289
14282
8952
8266
9439
3689
4094
7667
2884
794
7729
3565
13459
1735
15325
4110
3922
13509
14307
4462
12442
6902
11073
8249
9528
15326
689
9688
12672
12415
7544
1014
12428
3844
3081
379
13059
13606
854
10946
13734
1586
860
9692
9856
4968
4205
4639
5949
12172
194
3181
7600
7645
8501
8222
12379
4475
11559
8509
7651
711
7620
13557
12454
5364
6837
1311
159
7674
2111
7693
15407
7984
12309
10371
6459
7805
14838
7761
9752
3886
13103
13277
13471
7288
1470
3021
4659
14757
10447
86
3083
4703
121
11634
10068
12343
143
8227
1543
1662
10101
312
2317
945
1234
1755
154
6297
1078
1661
11046
2647
781
11362
1341
1755
614
2264
11244
3835
929
4603
2780
13059
13059
14910
3282
4791
664
2104
13591
3904
14519
1447
3763
2460
3639
10940
3760
10854
5227
1046
8218
8235
15327
8486
8239
14730
10716
10940
14723
1787
15471
8371
11810
15381
15652
4042
6778
0
11133
2183
4024
8553
3992
4153
13556
4157
9553
3479
8601
15392
1071
14578
11799
10707
10576
1981
1752
2002
7537
1566
9571
9553
8870
15668
6391
13572
11275
15150
9337
15551
14681
6062
12899
14909
13479
11536
5388
6283
9216
1635
1754
1385
12987
1756
10124
1677
7164
955
11546
15174
5216
6388
3664
13856
11301
10428
10859
10283
13119
9553
13618
13986
14211
5271
6631
12199
8961
5325
8385
6400
4153
8536
1755
0
13894
6478
6146
2735
4355
4756
13967
12194
7574
13980
1567
9168
13694
6683
13694
1567
3385
13694
15613
15439
13591
15472
5778
9553
11840
6831
13978
12937
2801
11025
4153
8532
8784
9553
13925
1744
13477
15473
6312
6234
15229
14227
9553
13522
2807
7064
13011
13855
13961
0
9553
9920
9256
5541
10369
11799
13059
15159
530
1128
2410
5578
15339
3489
13999
13753
10223
11048
11464
2690
12778
6967
9553
5346
5347
5859
11072
6855
6855
8801
4155
13592
6792
4999
6683
6220
6936
6220
4572
14385
14385
13287
763
3336
11974
10583
11711
2697
3812
382
2215
15455
4551
9819
3497
6636
841
9874
4765
10514
9557
7863
11013
10142
8638
522
10123
7634
766
9746
7354
2023
2819
4637
2350
4015
13817
1284
114
12407
10354
1017
10030
8203
10030
7914
6138
12588
13450
13283
12595
3330
10575
12066
14226
10201
15350
2838
9569
3164
12115
11954
4210
7024
8082
12802
9603
11783
14790
10401
2453
10103
10965
66
7917
11603
9936
10304
9649
11637
3676
12512
11801
3821
11279
1658
13825
3032
1141
7002
12343
1433
2
10821
9561
3226
11613
9729
6026
7920
10839
9906
7307
12473
9202
11970
9395
3368
9426
1091
12776
6320
7876
7756
8243
10082
8258
9026
8762
11904
11611
15622
10350
2886
6598
6372
5690
7219
14785
12346
2
5033
1272
12696
8755
14555
12682
8741
7731
800
6209
10562
10086
59
8206
6269
5961
419
12658
1038
4298
14659
3500
3203
12902
12339
9032
13250
12641
14242
11235
13609
4351
14040
8917
11135
4573
8229
8276
9751
15525
2033
5356
9853
13686
4545
14114
2353
1793
794
2389
4321
2628
4811
9727
10632
1551
5208
3789
4229
6257
11662
6053
8302
12140
3
3622
109
14756
14436
14411
10406
4687
1498
10840
4280
4071
2950
7062
953
2891
2786
6639
5361
10195
1605
11533
1131
2793
222
5
2206
15297
2314
12197
6521
5383
11598
2096
10108
7412
11858
878
2569
2042
13017
13059
9484
9520
6903
9848
10395
14207
1758
8948
4489
9429
4993
10179
10866
2616
12924
11284
10089
15250
14066
13343
13638
13188
9323
5818
5389
4382
4700
179
11518
7714
7570
253
684
9553
1149
1177
73
4033
6170
4320
4305
3765
9553
8399
8549
10826
9553
1599
5367
12260
12263
5131
6951
3994
9553
14266
871
9902
263
651
8036
14323
4828
10090
4974
395
6233
5355
5058
11194
8757
5315
397
14217
13927
13518
14771
14214
1373
13488
1367
9385
11031
3641
14111
10451
10892
8663
10793
1960
7441
14047
12273
11497
9555
9553
11102
198
2888
4829
8048
8031
4059
2179
12337
4088
1009
1815
358
8734
9552
13059
9552
9553
13060
9552
9609
1936
2401
1028
1334
1127
269
3469
290
15340
10755
8911
5
4608
2309
1846
1357
10065
1801
5059
1507
14546
15085
12851
6353
2347
11896
4525
12889
5871
5931
2066
9924
5807
5087
14092
9555
13059
13515
2866
3280
6596
10334
5931
9553
11129
6338
13334
5709
6759
9555
2525
6967
8099
13151
9179
5646
2286
10734
13151
2359
3709
5725
11206
10943
1634
14356
4830
14254
13151
4337
2900
4434
5469
135
11875
1592
14048
5457
6322
6002
6916
2770
14456
14887
6169
11789
2875
12992
10001
14895
11616
15565
15493
13001
15348
10903
4153
1941
11213
3329
2639
11325
14226
8871
14273
10139
11373
10479
6301
3975
7356
2632
1021
10327
14226
11979
1897
11412
12910
13059
1029
11111
7415
5571
5881
4499
8824
7867
7268
8820
7471
7621
10961
3321
885
10730
13658
9007
2670
12518
10970
12372
6246
119
9062
13109
7332
7340
8221
10922
3093
7577
7477
3260
1276
13926
2200
2613
12343
1443
3343
11646
10277
2433
292
737
2594
2661
1762
2659
11071
3331
2281
10405
3825
5662
5761
4
577
3023
1174
1433
2
10797
7475
12679
8283
8507
343
12704
2861
1052
8979
12713
9942
9355
10923
3260
1276
13926
2817
9553
1524
15345
5567
8396
7707
6741
8696
14696
1756
9553
14082
9269
10523
2544
1950
9344
6978
9553
5863
1915
2948
5498
10978
5516
5529
2465
13060
0
14185
15424
6229
6747
1756
13059
2322
14761
6768
8444
13059
2143
8797
8798
5688
4044
1
9553
14187
14512
1469
13458
15001
13134
1012
15379
9923
6240
1922
3493
6773
7128
10636
14909
9923
4170
2559
3399
6937
10088
13591
9923
4981
1759
1776
6970
10000
12165
13321
13210
13165
9923
4963
2171
1794
6374
2745
11315
9923
4990
2512
7063
13245
9923
5928
1930
2653
7075
11467
13760
1846
14158
3262
14425
1092
11153
8025
5778
1756
672
7135
13274
6201
14226
2299
7165
4573
3474
3548
735
7690
1928
8626
3049
10532
6894
4552
2926
13759
2105
2466
15228
3142
11664
2671
3088
15090
11870
5241
7
3497
13081
450
12976
9855
9850
9840
13030
7921
15633
13034
1529
13381
7751
7625
4153
7165
10591
7542
10582
11366
14422
14576
14845
12973
15671
2255
15006
4069
9187
1371
2534
8015
15474
13768
15545
13891
9252
14226
11805
2129
9654
10580
14369
12824
2831
11385
8715
15406
14370
10033
917
11300
12083
7016
6574
6364
4136
11178
11863
12075
7106
6219
3497
4773
10917
5441
294
3269
4729
6382
3509
3170
11900
3901
14786
10710
7330
7329
7351
7350
1894
3497
12325
1305
4324
893
4842
963
857
11059
3345
12219
10261
15292
2665
9276
6774
11463
7014
12243
15674
11703
15516
14664
5393
5269
9382
15287
1
10058
13295
10881
2672
4484
3979
12
4347
11101
13591
567
5106
3189
2456
5108
895
760
4200
1812
13591
291
5008
6332
14909
11173
2087
819
0
0
0
0
0
0
0
0
0
0
0
0
96
0
0
1
0
0
0
0
0
0
7164
0
7164
0
0
0
0
0
9787
11357
2087
191
0
1
0
0
0
0
0
0
0
0
0
0
0
0
0
191
0
8843
7164
0
1
0
0
0
1
7164
0
0
0
8843
0
0
0
9787
9558
5721
4358
6592
5526
15091
5715
4252
5312
6513
13707
6186
9208
1756
8522
1117
5004
8843
6030
11893
14593
5184
5927
7416
4318
11156
4196
1
2291
2065
8261
3716
2069
4
5722
8345
14093
10701
9553
15010
9901
4211
7483
2762
5401
10941
14511
11770
5407
11439
400
5693
5730
8019
15169
14130
10346
2485
5628
327
13694
7102
5291
5775
6058
13694
4266
2
9553
14977
11389
13852
13508
9553
8646
10353
14153
14150
14147
483
13094
10701
13526
10985
5992
1018
3739
3485
1433
2
10802
3
9638
11174
12327
5930
1515
3963
11777
9888
11100
2612
12570
7168
3112
15175
11061
3119
10296
11738
10312
11934
7571
10444
7909
1642
5991
6445
8128
4699
12618
8527
10125
5767
7587
7339
7800
7321
7787
7343
12534
7342
7355
7345
7344
7341
687
3009
11980
10122
5493
8893
3326
8938
9350
590
9359
5624
9132
407
7319
9566
10119
1509
10941
10586
10510
14245
10526
566
1212
11390
4082
5698
4407
3593
3458
13591
2152
6929
13591
13382
6979
13439
1757
6194
2016
1
12302
14373
12343
13068
3140
6853
10483
5031
1794
3020
3989
1342
5297
12607
27
3034
13264
3642
7167
8131
12305
545
5747
13909
8279
8178
8049
14156
14091
5764
5674
10604
4573
1645
4796
6288
3819
4663
5887
316
5850
6847
15667
9926
13883
1637
6819
3491
1085
12632
3587
2840
9772
8167
8722
14334
7985
13140
12459
14028
15294
12664
13481
4
7674
14558
54
9755
4549
11142
189
13384
14208
8154
5986
3384
4153
14375
4998
14539
4119
12755
12324
9557
8268
9762
9538
12348
11383
12725
8723
8756
1757
7922
2722
2313
6389
5370
9392
9401
15030
14834
1083
7294
10940
6809
4994
7614
13585
14141
14883
10106
9735
2669
3937
14953
11350
5741
5
12422
4293
845
13826
9553
9970
2338
11040
5115
6249
1378
4426
2
1792
12441
6623
12692
1
10906
12343
14056
12343
9490
12759
659
10209
9529
400
9553
5893
10740
4738
10071
1230
9621
3392
3622
11332
10051
3853
6615
1293
3299
1852
788
1169
104
2517
4521
3071
11685
3210
9259
12823
11107
1756
3969
12908
11252
1309
13281
10081
10621
10701
10968
3036
11936
10302
4972
11708
1051
10150
7310
13227
10154
3301
6508
1501
3713
12503
1594
10234
2147
4654
13494
3089
6873
10614
15659
3593
3357
13219
5130
1824
2724
1938
5417
3645
7643
229
1756
12801
2795
11976
12191
13975
10650
11823
1756
2552
8691
6910
10898
3712
4957
7733
8237
6507
3412
7154
8788
10045
15129
13339
15107
14377
78
11374
8104
9334
13561
14274
13532
15291
13136
1755
4733
11587
13059
2168
1657
11535
4028
3403
635
832
2817
11586
1881
15291
14363
10676
6360
1899
4779
14068
12205
6126
674
2081
11945
14336
5597
7292
10299
6648
13954
9672
15291
10940
1234
2615
11996
399
6900
10723
399
13779
2571
8278
7995
8212
8234
8603
4819
13974
6553
15126
5631
3622
793
6677
4153
5927
7166
0
14276
8759
12602
9279
14460
8391
4893
7633
10554
536
2769
8919
9843
9081
10240
400
5994
14177
809
2104
400
139
9833
2010
9883
3579
400
3558
3560
2404
1437
4876
15334
10020
11650
3061
6219
13337
13591
10549
13591
10298
11586
10673
12761
12005
12761
9575
12898
9592
12761
10199
12761
12028
4058
6624
1419
1
1
1
1
1
1419
1
1
7164
1
1
4509
2
8
1
0
4153
4153
1
1
4153
4153
1439
728
3607
1419
0
1
1
1
1
1419
1
9553
7164
7164
1
4275
4617
6232
5345
2665
5149
4595
3884
612
941
7143
9553
1340
1416
6909
4153
15430
4086
10656
11942
2732
9731
15034
13041
13901
2126
14968
9800
15383
4352
3900
1050
12792
10582
6171
13535
7164
10473
12766
12323
9878
10052
13430
5440
1756
13054
3570
10703
6157
4686
13309
5691
2203
10252
226
4173
8021
6178
11328
2049
8685
0
10616
6755
13965
4645
7436
2665
1065
1926
1921
1755
12091
14799
14510
10106
12035
12890
15639
7138
3848
3
3003
2106
2392
8895
11268
14877
12343
7973
2945
9003
12936
12855
996
1718
7940
1281
9935
2352
9557
7742
11691
14406
13617
9000
7862
10435
8812
8751
9556
7795
11130
10511
6860
14182
7542
7497
6718
13744
15479
447
11476
14226
2245
13279
10691
11360
13854
10036
7333
1756
13059
2859
13805
3215
4261
2665
7830
14031
7468
33
3242
15583
3066
4153
8404
10035
7349
9532
9549
8220
13436
7058
12318
4167
4423
13061
1087
12945
13154
0
1
1
1
3700
2665
13630
805
13426
0
1
1
1
9971
13316
0
0
0
0
0
7164
11151
13316
0
7164
9392
1437
4153
13847
1007
12955
14176
1
1
1
2899
2665
12402
3370
1112
1105
421
13190
9666
2665
2166
15206
353
7538
4801
3698
7050
15331
9292
11384
14864
13060
8565
6763
7464
10158
9857
9739
13060
6375
10608
9834
9345
3432
880
5074
8643
12301
4573
12590
1372
4573
12717
9295
3626
12520
6280
4206
6
12469
11085
7481
7507
7168
5255
7987
7196
315
5701
15423
578
5490
14997
8001
12396
8575
529
439
2209
4079
7323
1063
13769
2008
1942
773
1154
2459
907
1755
1756
5099
1401
12849
1743
8064
1620
11269
8002
6496
6
5808
11478
13694
3527
3056
3498
2979
15280
13694
8984
12358
12448
8851
12393
6359
1109
13224
13743
13447
15589
473
10444
12560
11803
10735
10393
6869
10444
12495
9815
11699
1925
1433
2
10800
21
3255
6622
1012
14924
10444
12439
9675
11116
12919
6597
6994
4029
1099
45
12287
11122
1644
15645
4111
1202
1702
9772
12558
7706
15440
10941
14713
13974
631
8384
2863
4832
668
13061
7954
10341
6941
10138
11776
11114
14314
2259
10431
6392
8466
13551
12453
120
1194
14170
12499
11932
6243
11944
12171
10551
5167
14591
15360
1643
5181
3153
3549
5301
7875
7878
3977
3191
8292
4590
15647
6757
6995
2199
13951
6300
6634
14792
12401
13271
13690
13252
14172
738
12131
6076
9143
9023
7523
3000
10783
998
8475
11197
3861
2977
7059
10286
5
5094
362
10022
1756
14944
6576
14946
13554
9556
5018
627
2394
2501
9553
1538
8294
7692
8689
4274
3622
7776
13464
14717
430
5836
1234
12635
11501
11302
11410
3008
5929
5095
1685
5658
15386
7025
10269
9161
569
4326
8035
15625
1756
6228
8388
8841
554
13623
9373
13074
13735
13478
7108
1756
5658
9687
3824
11367
1519
10938
1
15011
15040
8627
12681
15044
8834
8708
9806
12644
12838
9512
14879
7211
8195
6449
9313
550
7937
8425
8433
398
4240
2700
1411
13800
14954
3165
13270
11576
5978
7362
12731
9414
9207
10464
14345
12387
11333
14749
3806
3506
12650
2583
4477
11548
4335
12700
11890
7445
1665
11811
216
60
1
12269
12343
14538
11530
12343
3
9553
12155
8351
5615
3857
10192
108
9117
7467
8179
12295
5930
8246
977
8974
954
3018
11748
8207
371
10837
12487
10344
3186
9556
4573
6672
994
15033
14271
9525
2834
13544
1121
7741
7856
11349
9958
7309
3238
11204
12094
938
1506
12738
4546
12078
9333
14670
15422
13625
1756
6518
4735
9034
8831
12964
2132
2013
10701
4458
1756
726
12362
12963
2052
390
14568
1572
14430
9553
14943
3782
2468
5867
3724
12392
5985
5496
13208
4153
4444
9573
4909
13611
13171
3472
4911
5354
6925
7095
3
7013
6713
1756
13061
6708
2182
13849
11110
2483
4607
9258
4440
11125
455
15153
11109
1756
14906
1126
2655
14686
517
4153
1467
9554
0
4812
5262
9488
2777
2253
12762
13684
8520
4154
6813
2665
13808
4154
13918
2806
9043
15004
3292
13607
8918
15427
13674
7155
6810
4153
7163
5538
192
12001
5050
10177
4755
4089
799
1304
2
1962
1756
6080
2464
5177
1705
6095
5440
1756
13000
4740
5284
6758
13501
7547
4153
5588
6806
2983
8040
1012
8059
2900
9553
1142
1826
4481
14018
5563
14858
5341
14843
13059
1383
5344
1231
1380
239
1964
8552
10941
8428
9471
14398
4933
576
10541
8672
4803
3892
7391
4369
1804
10466
4046
881
11491
9040
13059
10417
14102
6395
3658
11927
1904
5844
12968
1054
8794
7608
309
9553
15619
10959
1756
8304
12304
9044
942
13298
6021
10659
467
5546
4157
25
6121
9742
451
903
351
221
420
405
404
58
8864
6643
9553
5268
5274
9145
10671
8969
15237
6956
1438
3690
10233
13302
11092
2141
4513
10943
9553
13395
2971
8963
319
1688
4599
744
4706
13694
15073
8217
1233
7290
8654
246
673
10107
4061
501
1757
10530
4213
9698
2719
10852
6896
6880
2665
5746
9553
8412
2
476
11528
10745
5497
2
2004
10407
11773
5689
6516
6491
3800
4153
14531
9156
9553
9227
2078
1004
730
13164
4573
13059
359
13531
367
5944
13059
2547
14913
13156
2843
10265
15599
13952
10941
15043
13137
2851
8661
8126
11460
6484
8410
3898
4572
9553
9082
2788
14227
0
12990
375
9839
6416
2665
679
8626
7638
7390
5803
11237
10829
6219
0
636
3303
12218
11866
15180
3609
7732
7560
11779
4154
15621
2595
4238
4908
3610
7683
15057
4736
3656
14910
7296
13318
6477
3356
5925
2746
13143
4442
13689
15374
5738
10726
13454
1901
540
10909
9379
5776
12335
14145
11470
18
3033
11500
11673
11784
11729
7771
8791
8695
10134
11590
14226
7616
6872
6632
1044
1625
6093
4153
14922
10346
7379
10454
745
8990
11938
10736
10146
14226
11080
12110
10501
10492
10128
5040
8004
13825
7819
10408
622
6047
10611
9600
9205
10788
4153
134
14362
9867
3342
11318
10221
10282
10145
14226
13637
1593
8609
7348
7358
7347
1331
13825
2665
2172
12402
13060
6799
11844
526
6276
11845
13060
3542
5240
8449
5164
3761
14775
7049
14808
15397
8595
7559
7297
12350
5864
2515
13694
8493
3216
2581
11033
12104
4559
1737
152
13373
50
5122
11532
2286
14125
578
5743
13591
684
5102
228
400
4338
11215
950
5
4237
592
13063
5558
13232
2665
2958
1270
2824
4562
5416
4586
3595
5132
8490
3652
8291
4182
13591
5728
4160
5711
13694
4902
5984
4923
3984
4120
13060
4129
1459
9403
6341
9456
14527
14832
14832
14338
14280
14553
14537
14283
6983
8764
6547
52
13060
9452
13060
9445
13284
9450
4124
9448
9451
10457
9982
1032
9453
9444
13060
9449
9457
9461
13288
9455
9454
10774
9860
10271
13592
9425
6550
14966
14935
14364
992
3503
1476
13593
4065
1782
1458
4127
9463
13061
3502
13061
4126
14503
14504
14515
14387
4125
14846
15521
14268
3512
9458
9106
218
4155
9459
4641
9460
3662
6548
4154
9462
3896
1520
4155
3983
4155
1256
14979
14308
14620
101
11430
10444
7938
10315
5975
12167
7076
6692
8467
10444
7870
11230
10590
15444
11726
5494
6022
11124
9203
5947
11942
13059
1870
15197
9730
15124
13385
12073
9556
7337
1433
2
10810
7994
12397
8592
8634
8675
7195
7958
11800
8340
4675
7952
12099
95
3287
3556
1617
9828
9179
1777
9877
7790
14396
14061
11597
14261
14738
11362
7334
4951
12456
1439
6316
3836
7581
1118
7167
3134
9346
12901
1628
1
4278
13631
12427
6924
1736
2047
4828
13059
6109
11317
1263
5929
5809
1983
3877
11363
4498
4732
13348
3
11913
4813
14916
4396
792
12580
11741
683
3026
9479
11030
6096
4978
5798
10154
1439
4762
2062
10957
1976
13694
5016
14055
4921
5057
6046
13066
8202
6057
13633
8681
8067
8188
8436
8829
6493
176
12440
8585
8531
2590
2200
14674
12828
8879
3193
8942
13236
14354
13715
9606
8136
12830
8795
5244
7465
14352
3931
8710
7636
8554
6190
3202
11710
15376
2668
0
4103
8843
5854
9412
1545
368
9057
12430
8395
8411
8453
6220
7919
2037
320
1989
6089
5996
2743
7169
164
12582
6930
10218
12754
12105
8406
8194
2562
6506
11791
12730
1707
1846
12669
13125
8274
2974
5133
1437
5834
14888
12958
9065
2635
10231
285
10291
1095
1219
10932
2286
14455
12343
3894
12460
9481
4582
6051
13222
7967
9919
6973
4446
1835
9937
840
12368
13322
12410
2992
4715
9556
12470
9641
5259
9070
1191
2976
13818
4927
3860
4153
14371
7498
10166
1684
1920
4471
1190
11029
13061
1756
1324
3955
15458
6444
3823
2930
9278
4574
1756
5054
4383
15286
14718
14073
10096
5932
12420
2337
11233
3747
471
1172
4880
12501
3802
11602
8034
5784
7098
837
6238
13380
13825
9431
11943
3731
11752
3423
15588
12217
10761
11942
1244
6849
11760
13610
6037
1321
15194
11579
14669
13875
11072
11567
13203
10601
6541
9796
14910
8850
14770
13539
13538
15163
6143
4441
8861
6811
4568
6500
13812
13990
15593
15503
5584
10770
11400
8332
10850
12085
10042
12853
10699
1966
14579
6124
10572
15442
10516
15235
1454
15591
10838
5858
3873
7007
10472
9059
15120
1757
8324
11558
235
1253
2757
1000
6875
12251
5219
7389
2154
14063
2710
3841
112
14256
6785
14752
5930
692
12166
10003
9973
1755
15283
10283
10106
933
13857
8056
8369
13371
1010
10861
3
2220
125
10107
1238
11103
14856
1575
3846
10416
1756
4861
1
2428
1
4845
1
11356
5379
9796
2832
4258
13377
9799
1417
11586
1144
10599
14607
14619
6637
10257
7146
15632
2679
9331
14226
2356
4573
9553
4790
1480
605
463
9118
11806
5288
9553
15257
1057
2860
5331
3
15449
2549
6470
6926
13872
8560
8409
14161
1363
1682
11283
6082
10775
2893
3
9553
15553
15035
15532
1889
13859
13598
1438
9553
5505
2058
12950
11362
0
4248
14768
6112
14748
14684
15264
1295
10941
9553
3601
13402
6674
658
13588
10106
11586
10320
6777
2782
0
11223
11283
14083
14868
4072
12200
1756
5565
14349
2605
14481
9089
4085
13448
15146
12045
13382
13902
12048
2480
11171
12856
2773
8729
11903
7029
1756
6092
5552
321
10550
22
4153
13330
10429
4154
14042
14227
6211
13577
1205
2
4032
13596
5257
5928
11563
5968
7187
13006
13579
2
7606
10256
14067
3299
572
901
1136
12966
957
11222
10283
306
13151
3401
5735
11055
12493
1533
7295
8213
7968
3870
15173
8725
11219
7230
8613
14049
11469
9553
8765
4066
9556
7796
13062
7850
14779
14776
8766
14959
8694
2521
1947
7743
2006
2354
9779
3344
11250
3634
2385
1721
166
8883
1442
12402
93
12575
5653
8780
142
7
12451
1427
4222
9376
4827
2665
1990
14132
7
12537
546
7346
7331
7357
7375
399
127
2665
2162
11941
11635
6510
1306
9166
10003
5506
3433
5650
11961
6034
1968
4625
1756
8288
875
8994
15291
11586
10752
10581
12090
8730
6974
14183
15456
12300
15673
794
13144
5069
10988
1246
934
1393
11005
12492
15536
10960
10157
6855
9553
15575
3550
1062
5697
7551
3148
9702
4233
2901
5550
13078
11596
10108
8052
5601
7229
1728
13694
1322
5120
14407
7438
3001
14479
3586
5
3174
51
291
5692
12960
11457
11761
13253
5604
13825
7171
5121
8054
836
1221
3224
6964
12100
2773
11586
13737
15219
14759
11850
15428
15500
6376
4999
5435
5760
2389
12722
14050
5813
4962
3105
157
2217
6683
13797
13825
7501
768
8950
7531
5635
5640
6049
4345
4914
13694
13062
7373
14882
8922
7611
9556
7376
10951
11928
11647
9340
9556
12485
2009
9555
7752
10386
6644
1433
2
10791
14548
9560
7916
14964
13786
11052
11812
11276
3143
9427
3612
12544
2386
6986
3117
2864
2467
13921
2188
3029
1878
14469
8932
1759
3319
15581
11146
7
3335
8924
10444
7849
9965
13228
10474
6147
15617
14889
13706
7057
8081
12405
10998
10732
9631
11839
7510
6568
3382
3315
4804
9851
160
3219
899
11585
400
12563
5182
2235
2384
345
12426
14925
11774
5193
1722
4310
4584
3998
6689
5636
3644
2409
4652
204
4395
1163
11706
3582
340
4419
10112
5922
2587
675
8778
2121
5948
3059
12907
8833
3623
5116
442
11022
14415
1756
13272
13783
13503
332
5485
5081
13547
11674
7121
4761
9051
13565
12631
508
1556
6681
14992
5684
15268
7313
6012
8680
9500
9332
2478
4277
10898
13858
5574
3921
10372
9472
2611
9467
3116
9126
4034
8175
9316
9341
14787
4775
2900
13514
6993
8799
932
2399
7654
1129
1
15007
15072
8084
8177
9364
9297
8679
8162
5452
8684
4748
9420
3851
9506
14595
1322
7814
1133
11050
2915
5915
8248
11543
8438
8678
7226
9406
169
12728
9630
12712
6158
7925
7168
8185
14663
69
5993
1767
7167
12654
4012
15291
4573
14166
3381
12841
2846
6553
5834
13645
4691
12204
8823
9929
3925
11285
10543
1647
867
9599
4245
7767
10521
11227
12546
12098
12678
8815
12467
10239
12698
12310
7385
1756
9553
1711
1951
2026
342
4093
4011
4416
1
14119
15309
4
8147
8524
14234
7562
11182
8158
2601
6751
4954
3457
7934
11751
1310
9480
7673
3152
7575
13565
3416
14060
12911
5834
6339
9317
8943
14189
9405
10937
8627
12552
1940
6835
7986
4574
1756
1217
12956
14891
5695
4862
10876
310
5406
8101
15464
3591
2808
9272
1756
10059
15104
3563
2213
2440
7512
12378
10744
15452
11496
12477
14165
3389
1555
723
13719
14909
7978
5749
4958
3438
2074
930
3450
11207
4920
11137
1756
1845
696
6277
15380
12926
10731
830
9045
7463
10330
13747
11987
503
779
11072
11261
7765
3505
6256
13231
5429
6219
10941
12624
8843
7492
2094
9336
14909
1977
2425
1633
2378
2285
1
15233
13126
747
3401
8087
1235
8034
7480
14021
1996
11229
3497
1068
10476
10491
10941
10515
7210
8862
2487
400
4309
7988
343
4831
1475
3581
4934
3504
15012
1341
9553
4357
7150
13442
7114
13059
7092
11636
1
12626
12616
13592
9553
10018
4087
5411
5415
5422
794
9553
827
1176
9584
440
1008
4232
7482
9545
14076
486
9543
144
5420
4422
9957
213
4490
864
4456
4223
4166
7685
4227
4201
4674
2218
4203
8936
2531
4209
10508
424
4207
1780
4219
9640
10383
6040
1756
2578
3830
8367
15361
14035
15425
3817
1356
5037
14133
4491
1924
5234
15115
12814
15330
2090
2294
2817
14852
14841
14871
3497
14909
2561
7394
1978
11586
13059
1041
15576
13452
9555
1756
4438
14359
3204
6515
1652
5047
5386
9555
14227
7660
14315
10498
1283
1994
11671
9043
15670
13059
12903
14335
8422
14710
14652
11547
138
10137
15403
14884
3362
15602
10136
10641
12236
9648
10144
14226
2956
11832
7563
3529
695
3604
595
2450
14226
6878
4557
4984
4676
13396
1896
9618
10143
10118
10287
7264
7534
7202
7227
1797
2254
602
3067
1210
6524
6865
7720
15027
117
7941
1805
2001
11179
10635
2221
13525
7951
13796
13936
15399
7703
9204
7613
8211
1828
2541
13707
241
10346
13612
2665
15209
10230
12170
10397
6977
3945
6801
10283
8100
12870
11258
8130
10942
11797
11816
13329
12999
11060
3340
11715
10489
1504
4999
4054
1355
919
2200
3680
13825
2572
1756
6802
4045
10733
11428
11176
13776
13739
12146
14873
11398
12959
11672
6789
12334
1756
7181
14545
10823
14080
15620
562
10908
11375
853
1327
10944
5142
12326
11205
12406
11894
11981
11593
999
1233
5066
4943
4
5113
7635
1747
4226
2138
7443
5073
7469
6050
5614
5197
4215
4948
6582
4330
9556
9553
10478
14246
9116
14409
208
1595
1756
11942
1187
11983
13486
13704
5390
13423
7990
7662
8760
7317
12369
8954
6492
7169
5608
4627
3228
1503
2243
3810
9196
5929
3393
6134
6216
11910
9553
13026
1945
2934
9552
639
13141
9552
643
13243
9552
510
13087
7094
1433
2
10808
12916
12521
2280
8407
722
10190
7947
14638
7648
2588
2
3106
7977
8946
8397
3229
1328
9557
4073
5830
2890
9916
1756
2925
10366
7382
11815
8315
14668
5833
7964
5851
12264
5
4325
1660
2817
13303
12601
12498
1639
7911
12500
7877
7740
8470
7901
2
9553
7610
6647
13848
7118
14890
646
1339
4856
14940
3530
4112
14109
2585
4449
1923
8669
13707
4153
10844
9933
12343
7527
5476
1719
15156
13694
7379
4872
6486
5862
182
771
491
2045
8093
7708
3377
8219
11780
888
1756
14528
13993
9945
7456
4469
5
1785
663
5362
1505
4524
1468
5983
4622
13352
12777
1573
14909
9819
3019
9954
7144
2263
3559
5146
1535
8687
400
2939
3566
12250
2923
5352
10940
6291
14909
7167
9553
6440
3305
7247
7246
8390
344
11396
8156
8301
13683
6764
8255
8558
231
802
708
9559
7929
10867
3635
8169
6992
6159
13919
8192
102
4912
10462
5041
3063
11167
1774
13105
12670
2232
2332
1775
7538
5658
7315
8736
4944
7277
1547
2267
15547
13520
1175
13259
3940
7691
9194
10976
9989
1
15489
12918
10274
12741
9944
13106
12740
8940
8856
797
7777
13466
3012
10918
9761
3062
570
10109
8257
10939
883
4612
8793
12419
2554
7255
2662
5160
4140
11513
3523
8905
7526
12930
7363
1319
15240
12343
6654
400
699
911
1308
5842
1033
5751
1026
4616
13158
5077
7440
9131
2135
14676
7379
6417
11950
11322
767
3358
912
13838
2234
4826
12347
4800
97
220
14200
1182
13215
13254
13098
8518
5019
15290
7145
4153
6
3540
12461
13685
1464
3805
4153
14522
6207
12458
3621
4154
1756
741
4628
1358
267
197
1387
274
12423
14688
1614
14241
11589
5484
10849
84
5119
5625
307
15261
1868
3752
3075
13362
8028
12371
11860
15347
10188
11351
13135
7762
10449
5024
8908
12383
5661
1694
3
9293
5372
1912
5171
1
422
5883
336
1155
428
79
1910
304
13826
10758
9899
4609
4573
4048
10879
14014
10910
1532
12293
8659
6931
7400
3766
3803
14540
13095
6482
5769
2716
11694
15078
6792
6405
9554
13641
2
4425
1
13223
7538
9943
2796
877
2726
2196
6064
6731
10589
15158
9138
2174
829
620
2665
7008
15207
15302
12928
11762
6593
11813
11148
4717
13167
6193
11455
4153
13225
6554
9553
991
5319
6719
3850
3777
0
3696
11378
3659
3667
2176
6874
9553
9139
14163
4969
4936
5656
6219
13591
3701
10779
1508
641
3816
10558
13404
13928
2364
10940
8510
13398
7718
0
709
14847
5679
5924
2721
210
10940
8586
10055
8912
2084
1
9553
12981
13781
11091
11615
15502
15100
1734
15344
9275
7164
9553
11417
8058
12308
8783
6734
14646
6148
7084
3786
3405
5028
9253
5500
5368
8789
5198
12245
5261
2842
13401
10077
14020
5480
7021
5485
7021
8686
5927
9553
12879
3452
2646
6662
13792
14016
13832
15231
14649
14903
647
7164
13059
14831
5577
11867
978
13455
14588
11651
15199
12101
12817
10737
13600
15000
14632
11441
4977
10694
6594
11799
11343
12144
15577
4155
9553
5460
4716
5903
3288
14492
2828
14601
11504
6709
12018
13197
10751
4704
10396
6265
13014
6693
13338
3387
15148
3486
14013
1887
12235
13432
6990
10686
14692
2494
0
14909
7164
7164
5928
7164
4153
9044
7164
7164
6328
5927
5927
14226
14226
7021
8277
13592
8277
7021
8277
15091
8277
13592
13287
9554
11586
14226
14226
15379
9555
9553
9553
9554
4021
13591
1755
5927
14909
6219
9044
5927
14226
15379
6855
13592
15292
13061
13825
6219
15092
13060
13060
13060
8844
15291
14226
14159
7164
1755
4153
1755
4153
1755
4153
4153
9554
10467
6553
5927
12249
4153
1
3
8843
14909
794
7164
12910
13825
10940
14910
4153
4153
4154
3497
9553
6629
6087
13778
5425
7139
5479
6108
4075
13059
0
13770
15133
15353
4865
5911
3677
14647
8705
9553
6745
5537
6427
15064
13716
15469
3232
5772
6237
12993
15653
1843
5814
2103
3167
4400
4153
8240
5440
9553
2233
11768
1139
2108
13825
13857
9553
14088
8980
13914
6811
13591
9556
7860
9809
11565
11433
14489
8925
10285
7528
11284
11288
7377
9831
11290
11020
11220
14226
12212
10916
4906
13058
3017
1863
11266
13726
9511
2193
9072
12038
14401
7859
2355
15537
9646
4697
3201
1939
11483
94
3327
9882
15311
14667
11649
9008
5927
9553
6122
2665
6303
14616
6784
8086
5281
8118
14465
8079
13825
8703
12316
2826
3583
13591
5313
1756
5846
6665
5229
13627
15371
6836
7804
433
1343
6610
8293
6325
4057
15518
4156
299
71
4678
1859
1233
2389
14413
14074
6377
14773
9963
15557
9801
15351
11149
13376
10092
10785
11663
584
5076
4548
4537
4202
5005
613
628
6504
3136
6536
15026
13102
15158
0
5235
2972
6117
837
3278
13453
9875
11098
3441
12597
794
12541
14390
8342
3230
11907
2924
7104
11432
1440
12542
2367
5707
4882
4331
6213
5507
13694
4279
4243
116
15512
3911
11795
3611
15188
1341
11838
1666
11833
1666
11436
1666
11878
3911
11834
9349
11829
6553
12188
8242
15609
4030
6829
1666
15601
751
12190
751
11885
1558
11837
4018
15181
373
11879
373
12070
3911
12084
9502
11884
3911
15183
8758
11877
8758
11830
8758
15147
8758
11835
9502
15604
3911
15182
3369
11842
3369
12069
9502
11434
8758
11786
1341
12189
1341
11836
1341
15603
12850
2164
12505
1631
11065
10423
9556
7370
11560
12216
11564
8965
10108
7797
11868
1433
2
10816
215
7786
6003
3973
794
3318
11145
2333
9659
1659
343
136
3313
2330
10385
11712
1674
1632
3552
7966
7495
2208
9024
7496
7899
12723
11199
7913
14435
14478
8981
1872
9996
793
12476
11226
2642
7803
12224
13489
11967
14671
15317
15307
14496
11620
793
12510
13062
12559
9811
10322
14796
8972
6866
14599
6107
755
12548
793
4563
1437
1756
13680
8335
6435
2665
14731
6055
2694
12519
1636
791
1123
8867
3333
6145
11978
9170
11621
990
10977
7906
11656
10121
10540
10275
8953
645
2736
1653
7802
6127
15559
6595
2849
156
3
7960
2516
7749
7459
5124
5222
12444
11323
6588
6004
2419
12343
2845
3126
9790
842
7491
11000
2295
4506
6011
10028
6645
12982
2975
9189
10966
13470
2999
12313
12187
14880
7959
289
8614
10739
14936
1758
12472
6342
3514
3237
1298
13528
793
5708
1318
487
13289
7948
4492
9772
1756
15372
3422
10098
13885
15429
6555
2900
905
4634
5477
2325
7535
7700
7006
13061
7449
14837
8155
9226
8935
9318
8525
11562
11506
9556
12634
8497
7516
6435
5915
7112
6844
8881
13639
9338
9291
10767
3185
1513
11123
3598
3924
8750
7666
794
8256
6699
13892
7280
4891
1185
12343
13256
8138
12835
5581
9361
792
4573
14263
7499
14474
14278
3541
15466
8208
3058
14027
8303
6314
3195
15592
2501
7809
11640
5793
1197
1036
12668
11940
11769
12154
725
7932
9587
5052
2024
985
400
8269
11989
4825
7275
347
6006
10107
9553
13979
8431
10056
8886
8977
7679
1389
13092
12693
1656
12649
6567
7282
12697
12311
8464
12103
7822
11851
11190
10169
11391
3257
15075
15419
14803
10615
6
12701
8440
8311
9555
5834
8889
2885
5824
14876
8957
8927
6199
13063
7930
11573
9872
11041
14171
8184
12389
9324
11503
12905
12671
8763
2380
5806
12845
7538
12536
8682
980
9557
8173
5547
7189
6698
1691
742
8644
9369
4023
3985
3738
3161
7072
11745
11848
6991
13813
14078
7538
14854
8041
14124
11771
986
5304
1709
7760
14855
10862
794
2995
43
2157
256
11359
7307
8181
8937
9270
3614
3579
1756
14597
966
7141
2371
1917
12344
5471
160
7724
9749
10815
10355
14090
12655
9254
14218
180
3757
1756
7717
7607
1877
4459
6263
3
8624
5683
2093
3
523
2754
561
1351
3732
3758
6846
6949
6738
537
10148
2663
8556
12008
10936
1285
13059
4002
2195
14000
5917
3620
8267
8030
638
13059
1181
3980
8011
3510
8619
2200
10780
10497
7806
10534
10940
5
8986
4153
5591
1756
2774
6120
2224
2303
2723
2315
2
7249
7392
2606
9705
1756
1946
5260
283
6876
1949
794
1554
5448
11106
6403
10217
9035
710
5191
14957
984
7130
793
436
2882
10364
656
3
7508
14046
11775
3
400
10919
2101
11807
1756
1498
2192
897
2239
11592
2201
8092
1528
456
443
512
660
5
1554
9846
6231
6197
6039
8474
1756
6357
7051
15520
3448
6426
3411
6701
13916
11335
2733
6260
13972
11424
2492
3482
5795
11766
5078
1716
6920
3277
10289
1756
10672
13829
2082
11431
9708
4115
8331
15046
1084
5349
499
4614
1418
5465
13666
5413
12917
2324
1756
2673
3715
6014
4153
2880
10674
13541
14500
13745
3913
4154
10749
10422
11241
11669
13931
752
10701
1
13059
13388
6115
2003
13958
5302
3827
12798
3
2469
9186
13825
8492
6779
8102
13718
1893
4775
5248
2335
1103
7641
6295
2389
8995
14226
1755
11525
2244
10198
5337
5504
5326
11259
4805
7436
9553
14206
6181
13884
6362
2256
14484
6179
11667
15037
15436
5927
10941
11451
14126
6663
10858
15394
1399
11796
13360
12821
6324
3478
9788
10855
10249
5
9778
2660
14909
4155
9553
2498
3477
6289
1301
5395
4685
13340
6703
5910
10154
6811
13591
13831
8299
3281
4005
2507
3525
7236
8215
8310
2197
9865
11822
2906
2567
11549
10290
11755
11756
11757
10643
8608
11654
11819
9015
10945
7957
11657
6351
11435
13060
9553
10420
12142
3622
6162
4642
2028
4368
10759
2649
10063
571
6646
1685
5954
14226
5342
14428
13372
13379
4701
15658
2191
10651
10367
3
3987
10293
10864
10279
2664
10035
7915
10127
1690
7374
10229
8781
3212
14226
666
10182
11329
10281
2577
3734
3248
11246
3957
4153
14452
3
2927
9827
3
5434
11443
7167
5111
1795
7550
4
5097
5548
667
1813
1756
4681
4154
5376
6130
4391
5169
5328
6177
14905
4154
11042
8732
2421
9384
4289
13331
15573
13059
7484
834
4493
4789
2260
8362
4718
2741
5710
8692
15123
331
5405
515
1
10782
13825
11973
10945
5704
7234
15480
10877
5185
4333
8853
6214
2668
4314
2184
2499
5
12751
11847
2051
5
12581
10363
4550
4197
5633
6442
4253
5703
7164
6456
7168
5607
10822
8445
5773
13460
8446
5696
2265
11087
634
11947
12574
11728
11966
9645
14589
9950
3700
6182
4555
1006
581
12394
2230
2415
7380
5853
1140
2398
5211
5433
15459
11399
8088
5300
9610
3218
11472
1
8062
5298
5971
4177
6226
4928
4931
4757
10776
3617
12049
13299
13493
10720
0
6883
12186
1433
2
3660
10482
7842
9691
12109
10666
4585
8091
11420
14162
7788
14424
14477
7785
14388
1604
13408
10701
2900
1756
11442
681
8498
6220
7887
8448
8234
2665
14695
11737
5218
14138
1838
3245
14800
2099
1761
7734
259
418
11113
2667
12449
4646
1341
5979
348
11820
15123
7461
14909
12820
3915
2755
147
3243
3133
438
13251
13499
10928
0
12572
1862
0
12555
8043
0
12357
9908
4153
14399
12343
14393
14737
891
9553
14058
14947
4619
15638
1953
11002
15412
2326
13055
2779
2833
15355
9533
15106
9540
13059
13048
9537
14226
4154
4601
6551
4370
4378
4611
4966
6490
759
4722
1571
4156
4187
5600
14134
8541
720
8543
8450
582
13312
8285
6035
8469
8447
983
100
4156
8468
1970
806
6038
5951
8650
8542
7174
7617
8282
8373
14277
14248
14970
14294
9288
9109
534
9153
9066
9071
4155
9230
7183
1474
6468
9107
1473
9229
14434
14295
14326
14580
14295
14295
9233
8327
7451
6192
9110
7177
9141
14384
15122
14305
14394
4573
9237
3580
9104
9103
9105
9101
9294
9302
8360
3976
9102
9054
1058
4155
9085
14617
14270
9094
9084
14915
14929
9165
9074
4154
9225
12577
9820
8151
11897
11619
10170
11595
13287
4775
15505
13482
6702
11449
13586
11924
688
8125
15400
6724
712
8845
5834
15285
9263
15248
4231
8899
4517
10743
6590
9029
4
7841
2520
1113
6411
1
14569
14330
12978
792
5834
2079
8746
15395
1818
1437
5658
3753
4409
2803
4295
6742
2900
131
9222
9689
2800
1741
9221
4078
4095
12272
8660
8071
9556
7844
13702
6726
1816
6765
5919
7367
8080
7378
0
15192
8366
5595
3647
7561
8413
9553
12354
12349
5168
7586
5314
5250
2127
7748
3213
0
6368
14550
11919
11415
9794
13868
5596
11586
502
1882
10050
12774
12043
6816
2412
6367
8639
5946
13591
9553
10460
11782
6497
2914
11856
5540
13357
5543
6688
8348
10941
9553
9917
3820
9312
7927
8581
3497
9553
3793
8570
2133
5176
4895
2149
2643
2200
13924
2983
1723
309
2900
10399
14251
13117
4153
12096
11198
14030
15416
9836
10623
12622
1560
3289
2596
2597
7435
6815
5511
4153
14168
12343
14120
4193
15320
2417
12516
10682
6123
14064
12651
12185
14105
12813
1764
7972
435
14110
1138
11444
7032
87
7726
8825
15636
3721
12314
11583
4474
1023
3854
2949
6573
15366
11586
1671
6410
10004
513
9665
5437
2665
1839
14541
5869
6346
12121
6294
11624
5230
11575
15225
4986
11561
14536
2005
1955
2007
1959
2076
11037
4635
10941
2555
13062
3681
8231
6936
15241
4457
2055
552
13060
8785
2131
6661
6656
14226
13510
10902
2665
4411
1120
14574
1346
2406
8628
1971
15070
9557
9184
2284
1918
9365
9553
9934
8949
7525
4053
787
5927
7041
2477
7120
6739
7165
9580
13059
1731
4365
4372
6239
10569
4393
1072
2620
12869
2228
1096
7408
5295
5799
12827
6027
7386
4897
13825
2773
13825
5
5056
13694
11759
9553
5369
2020
5258
6852
5278
11764
3545
9553
4339
5645
1757
9553
234
9307
12947
4723
466
2015
3633
1521
415
15168
5001
9553
10418
2222
8359
8322
8281
8748
7043
8877
10941
236
6885
1606
3868
6225
1269
4047
1610
2327
8776
6868
1077
2640
4970
6535
4989
6892
6220
13692
1957
6483
2855
6906
9781
5137
793
14505
4956
2389
4892
5173
5759
8566
8354
5762
5682
10617
8095
4926
5440
1756
2167
10358
14357
14592
341
2928
10254
749
2014
9368
9309
2475
4739
4153
14826
1685
9553
6638
1086
2740
2292
11147
4749
12322
4719
8941
12101
286
4553
13591
13059
14202
5835
12603
5685
5
9553
7241
6441
15300
4690
7244
10305
11248
13591
9553
298
15607
15055
6399
6380
2444
13801
13591
2899
9553
3484
3480
951
5382
14683
9127
7038
0
9553
6678
15486
4999
12883
5248
14612
6267
9193
5554
9043
4627
10920
1756
3833
4502
2720
1845
14865
13999
10284
13708
15664
15013
10335
3364
7078
15586
14909
6063
10377
14869
10453
13470
15658
13237
4041
0
9553
8811
657
6430
8706
7425
8567
2744
9430
13947
13624
2667
6833
4552
15662
15213
11968
9880
11705
12173
15166
0
13059
4154
14227
4154
4154
15291
13591
8918
6219
9044
15292
7021
6219
2899
792
13931
13592
13592
13931
1756
1756
2899
1756
9044
15292
1756
1756
15292
13592
1756
1756
0
3
6328
9035
11525
13591
5927
9553
10690
9387
13673
12208
5157
13664
6305
13445
13668
4154
9553
5320
13124
8792
5447
3875
12174
11648
7834
11063
12019
7827
9927
93
2580
7768
14984
8914
13566
8199
519
10824
14226
12951
10211
10914
11354
10560
9176
13104
7372
13107
10706
6527
1756
4834
6431
9522
14861
14272
6858
3091
2408
7380
3926
5270
13602
2773
2538
10487
7839
9632
6746
14417
1157
10035
7890
6855
9553
11330
7107
7113
703
5202
2557
7005
3497
7009
654
12775
10220
8599
2731
7307
4618
8323
13694
290
4165
8341
1686
5705
12331
2920
4668
9047
12517
11629
8344
1
12610
10609
6221
12593
11489
9351
12586
12068
5231
604
4445
13196
11992
1756
10693
15223
5123
6776
2227
12123
14911
14657
5877
15365
15445
14331
9169
4999
13583
13750
6463
11127
13722
10926
14778
11222
8878
14348
6961
5183
5154
7012
4579
5305
7027
4560
10488
7557
364
4146
4194
7838
15368
8813
14247
10585
15568
15616
5866
2687
11140
11405
14499
13246
5394
12874
1237
2701
2675
4386
8847
10280
11719
5039
3897
6850
5279
5428
6841
350
682
6680
9870
14985
4792
3772
2319
14809
10186
1252
14677
4156
11368
5280
6309
6287
9947
6349
9723
5521
9595
6557
4672
11386
1822
9784
12787
3784
11401
9593
7308
8530
7197
8843
6307
11735
3970
3369
15558
5668
14062
6827
14012
15224
11734
8770
5518
11909
3903
3473
15102
11861
2089
5712
2336
793
5528
12768
13802
13694
7450
5340
14909
344
5419
1
12611
12343
11923
5724
13950
4254
13931
5311
5316
5309
5858
9553
13013
13008
5336
10627
13005
12995
5892
5908
8038
12370
8958
9009
3341
14746
13634
8223
110
7868
8618
15391
1477
11698
5104
2797
1261
7945
10173
10952
8665
230
1433
2
10795
9555
7828
10425
10634
344
714
12479
10999
12276
3
2900
2362
14679
2809
4724
339
3418
2095
13996
14764
5750
1980
14184
4091
5408
5334
4091
7886
964
3890
10771
793
12361
9216
6861
13810
6113
1756
7042
6780
4692
13218
7466
6845
13358
9747
3427
915
13166
7580
10940
3401
13059
8070
6761
11154
13728
13788
4401
13987
13942
12162
2691
7455
7105
1348
9075
3155
8562
8027
5179
3743
12402
6
5128
1148
12989
107
795
5487
465
5170
24
4506
4881
8336
1999
3968
5165
10076
5153
5
6044
12390
9555
4558
14228
3933
6032
3590
2437
1
8349
5483
7125
13062
3028
14486
322
2792
11724
8197
14707
13754
10830
12673
2898
10342
13593
12376
15409
13110
8807
12343
4461
4139
6899
959
6056
4516
6373
817
12646
671
12535
12341
7674
12604
12721
1184
400
6553
13920
13307
14613
309
9553
10064
1810
2298
4868
10689
9728
4208
10598
3383
2593
5788
8591
1124
9553
2120
1160
9701
9683
5207
146
9553
255
9572
9419
1608
1914
1973
2817
9553
6877
5937
10268
6144
7162
748
13059
11599
4937
9960
9841
4251
1446
7040
8307
14842
12828
728
10131
1390
5127
44
2413
3
2954
587
8499
3813
3650
7423
6938
4521
12753
1337
7127
8122
1381
7402
2114
13888
8209
2607
4153
13504
3546
7736
10436
10443
8487
12579
7694
1646
7923
11001
1821
1714
12385
10189
7327
9060
7763
12306
7085
9310
14069
8157
10375
6306
10448
5594
1751
4154
670
2665
15279
3751
10191
14169
8749
9553
15088
10890
11887
1067
4745
6649
4153
7164
7164
8843
10940
792
2765
3719
2899
2130
441
8875
4569
9890
8758
9130
7674
6528
10667
15202
10738
4998
14909
3533
6319
12343
8444
13825
2666
0
10116
9140
9164
2579
1890
879
0
15319
6526
245
191
160
9803
4593
5930
11083
9810
10853
14660
3788
449
2902
13592
13059
2625
12137
15418
15634
15433
13185
3490
13969
13440
11404
268
2040
2423
4153
0
5929
5960
3500
6602
4158
6626
199
1
2704
1
2867
2124
3497
3946
6450
3834
728
3607
11057
2
8
1
0
4153
4153
1
1
4153
4153
1439
1419
1
1
1
1
1
1419
0
1
1
1
1
1419
1
1
1
1
1
1419
1
9553
9553
1
1
15379
9389
10941
15258
12809
14951
7314
9680
10894
8626
11888
6331
14839
13451
12822
15164
11917
9319
9722
13204
11872
2573
3372
11627
12136
14471
15413
5598
10681
11507
10438
8297
14131
5782
2665
7653
1152
4432
3
3592
4797
7299
2500
4385
783
3683
9160
14205
14213
14140
13819
14103
15136
13276
13931
1756
4935
10982
10163
2929
11763
9475
12343
14408
383
238
13407
1264
14909
10106
6443
6461
6437
5605
4818
5753
4149
13526
295
2472
2439
317
748
5282
8717
14344
15245
13502
14754
3
0
1457
0
11309
0
1681
167
9763
6267
9750
4485
11270
13524
6972
7160
12848
1757
1809
8786
4153
11678
15091
6998
8594
539
4900
7644
8526
15292
13851
3982
5977
12808
9339
4271
1783
1040
1
11257
14750
12807
10846
9664
9664
11363
11347
15665
1794
15328
4604
1156
297
14742
2275
4917
803
2669
11225
3311
8997
5895
11958
12151
11930
10512
11957
14226
391
9837
8873
462
3814
9236
8590
8016
14777
7817
7697
15226
15262
15077
15666
3855
9243
8676
173
7826
10378
9562
1765
11054
3125
1461
5789
261
3309
8511
4397
3847
6752
2633
851
14788
12402
14518
14789
6543
4336
2550
7682
14594
2341
4
5084
8519
9380
12633
15291
11471
10440
9553
3574
8842
14626
3637
2031
2518
6347
7836
1756
6278
13950
3704
1178
4712
876
3531
328
6522
3270
7087
15615
4539
3852
15660
3878
8432
13694
793
3264
2705
2900
12587
6139
12599
12880
11196
5156
11750
3602
12475
12294
1779
3511
7430
7254
7642
7209
4945
14791
14497
14758
1
6302
6501
4883
6888
5989
4924
4840
4175
14909
5717
4250
13249
0
2998
2514
7446
0
778
3684
14021
1756
15050
8374
8037
10084
14627
8029
11941
13059
900
8408
5144
3663
10432
8319
1756
15291
13798
11523
11291
13764
7055
13367
7065
1686
5212
6564
2383
2667
4528
3608
1
1329
13897
13608
7240
5308
9016
13707
5638
5838
4596
5046
5549
5702
15091
4752
4027
4
3024
2214
10980
8666
10347
11831
9555
7823
11163
10505
13269
9740
10974
9973
7758
11522
3497
1756
13604
3682
10495
946
2107
163
264
3030
7473
2250
2212
3597
11826
7
1286
7969
13138
13187
13258
9907
1433
2
10794
4776
3097
3498
6687
793
5155
1341
7880
2286
15511
12343
10023
12289
11485
1640
9888
2289
538
7865
3436
10619
15
8264
2165
3717
9322
1626
9534
3121
1577
14902
15008
9286
9540
14575
9540
13059
13050
9537
14226
5952
4199
548
4556
4348
3988
4965
242
5868
1039
12789
4218
5189
5290
5626
618
4161
697
5017
8358
8382
8357
8337
9410
8641
10633
8289
195
514
8442
8651
14338
14552
14249
8295
8383
9080
9099
9155
9225
12577
6435
9553
14655
14332
2438
15669
1756
2665
4787
2685
11120
9977
2097
12248
1909
3941
8461
3494
3250
6901
13793
9553
6054
3557
4985
5884
1035
4291
3141
3798
5002
4709
11605
366
8891
12714
9197
10777
12737
8859
8970
3934
8907
8112
8967
9321
8959
14267
8939
2
8050
4677
11509
2586
6184
4695
1200
8253
2584
14982
6706
15335
11321
2286
13217
10398
12408
10307
8596
5658
15370
13816
8346
10595
8024
15296
12676
7543
12689
5845
7278
7
4573
6766
5333
5829
5826
1692
1097
10937
9516
8140
9527
9513
278
3220
6732
12772
13592
7831
10688
564
3845
6729
9013
7179
12711
2858
4823
9780
13564
13640
14025
13582
13290
13113
928
12343
12656
3640
10637
3
9553
2965
593
2375
15191
583
4833
1
13057
15385
7306
12760
333
13181
133
4
12404
10955
7123
5014
838
12421
4583
9142
5427
1350
12561
2493
12988
2825
3762
76
10983
11730
10107
3754
8533
225
10942
11202
12021
10901
181
7097
9981
2637
9578
7738
8635
3669
8860
8250
10015
13929
8921
12720
3459
12606
12290
10613
7444
6700
0
10222
13562
3909
7267
2306
8230
7989
6248
10295
1885
13070
15291
10787
10346
8116
5970
14700
9553
1267
9391
2467
2476
2278
12466
4317
2658
858
765
12436
412
1100
6759
2665
15595
3967
15128
13427
15218
7079
9383
5998
14368
6222
13738
14938
11817
6560
14397
11883
15405
15111
11064
6128
13985
6996
607
10400
7396
14920
2827
13619
9553
14828
4743
5228
6412
5152
6770
14870
4851
4153
14685
620
192
12030
14099
5969
4702
2316
10941
13059
6650
14441
2123
1027
965
10240
1756
14532
7695
2742
4863
968
1615
6422
303
6641
6505
14783
6236
14820
1758
6224
4476
527
6611
11281
1150
203
1227
4153
10106
11209
6202
10049
12402
5792
2608
12402
483
6017
15485
11034
3398
10684
10467
9553
10288
8928
6838
11749
13118
13189
13186
9264
13038
9553
13037
4640
2629
4554
2474
6503
12965
272
10695
12271
13059
15460
2113
10031
542
9553
14034
14609
12904
1075
5317
5657
5681
5669
5612
5107
2599
9553
10441
5180
10093
13409
10384
10108
4122
10343
10905
9135
9725
10012
9033
5781
9487
10548
14221
10412
12170
15291
8421
3665
4651
8690
944
5675
5929
9553
2318
10008
5544
4308
5872
6783
9858
8514
14186
13608
12315
10756
9667
12274
2865
9553
10915
1995
15369
15426
8539
11223
12630
5553
8865
4390
1
6473
9553
14008
126
8688
12244
11277
13200
11216
8712
13806
11456
11798
2899
10941
1209
13467
5098
12193
7153
3882
6465
2035
4536
11200
5729
9813
5719
3555
5737
13059
13507
11369
13234
9199
4282
1082
4711
2445
13457
9553
4439
6251
6933
14445
11423
9897
11440
7156
6432
7164
9553
8699
2331
14896
1413
8538
5139
4847
15152
15566
14753
15572
13059
13214
15379
13053
15288
2489
7080
1303
11586
0
9553
0
1
0
9553
13825
11545
8919
10107
9554
10107
6857
13061
15484
11363
7022
10284
14910
10109
11468
12130
8844
6856
1234
13594
5000
794
1013
14697
14169
6779
13825
15379
15215
13826
3370
14721
6096
14612
11723
13932
8402
15531
1757
14385
7023
7167
5621
7407
7605
2848
7702
10061
1
11631
11512
11319
11274
14863
13591
0
5454
3776
13615
6540
10391
2125
6640
8985
9812
13713
9020
12343
3334
6735
844
9021
9005
15510
13934
15021
14009
3801
3842
12875
4153
14898
12343
10888
13059
15291
13687
6328
9083
13342
12160
13233
1985
1578
6428
5179
5079
1437
7557
1803
311
11089
792
1756
8343
13740
7521
8517
8516
2437
2665
8441
1193
8747
1756
7538
4052
14998
5642
8110
7784
14146
1433
2
10796
1
10338
12972
10346
12940
1388
12291
8379
9637
3638
1104
7405
2361
2231
1167
1588
7428
8945
1025
4463
14395
12529
8457
9791
12120
12080
12840
4373
9914
524
14258
7853
15569
10678
4
7858
8992
5916
3619
7963
3618
8484
1093
4
12452
5009
2187
4
12533
12353
8339
9299
12504
931
2771
11759
13825
5358
3266
1045
520
14032
10721
5658
9718
10321
1153
7101
10212
2707
1998
4153
14690
14911
12566
14995
14152
13142
4098
15594
6408
504
3128
8505
12975
1755
6744
4101
10176
2286
4049
12343
2
4573
15490
4435
6152
10538
9521
2839
8655
8120
8774
1755
5834
9267
12225
5891
14463
14715
55
4775
9693
3207
2591
9301
346
13063
12431
902
14459
12677
14070
413
12702
8032
11609
12526
8649
15019
3463
10365
12057
13394
10365
14641
12962
12957
8051
7794
8693
8740
11557
12288
9058
909
5524
1
14081
10346
15162
10340
14633
7882
15048
7068
1395
13199
15438
6985
6413
15363
6968
4153
15312
683
3953
9661
1972
5029
8443
377
12411
665
780
557
7470
279
1749
2510
9192
7073
494
4299
6971
9706
5135
1649
5318
3497
2201
7090
5138
13964
5431
6397
7609
4090
11935
14662
601
4153
2034
1756
2665
11785
13148
6304
5888
792
10941
8800
4824
1180
14467
2818
7538
3272
11152
13043
14866
7082
5627
1132
13546
3087
1220
2497
9962
4673
6965
2698
8009
12435
12023
376
1499
5444
1455
1449
1433
2
10803
2437
15265
10171
11242
14833
12343
13844
10421
1234
12457
4190
10727
4
12729
3600
1580
2667
3241
14350
14584
14751
4
3084
1965
3419
4
3031
11287
3451
4
7883
1621
1487
3948
14812
1837
603
15158
13575
13590
13589
10162
4
7833
7124
2699
1873
6691
1245
13861
8187
1651
6327
9010
12553
1601
9219
12638
9435
5958
13286
4573
9223
3380
10368
14412
6753
10937
15054
10657
10925
10106
10942
4573
1537
6290
13549
349
9248
13061
12573
6532
10993
8312
14952
6534
5042
7
3217
3862
2739
13731
10
12699
13146
11240
9714
655
13661
7172
3920
8832
14351
10415
12262
6571
9265
8233
4148
3874
9553
15373
1654
1982
1005
42
2442
4720
3769
11387
11721
13059
15069
10066
11892
9969
5430
11403
1789
13059
15143
976
10427
15584
15171
12003
13671
2680
15119
10880
5455
2484
10882
6219
14862
15420
644
11095
4192
11899
11193
3885
14529
11214
10962
10995
12040
15321
12222
6539
11716
343
4344
13935
7472
1240
5827
1569
10070
5587
2297
9220
12786
10869
10184
14193
9553
6928
861
10206
82
12531
1043
82
12598
1222
3993
3762
2
3722
2546
12007
14767
1403
4781
7810
14225
14219
14223
14224
9536
1
9548
14910
9234
4109
13989
1823
13178
6210
1409
12447
8933
10270
7981
1853
1012
3103
7300
276
196
10933
7641
7872
8074
5966
14128
9915
1341
7848
4982
2529
2200
8350
12343
15375
10404
10799
11747
11746
3254
105
5617
5930
10941
8835
8309
454
8414
13755
10317
11865
5929
3488
3863
6070
13845
1756
7037
12101
14744
14980
15116
2709
10567
9657
10485
9224
15123
8076
13825
4154
14546
13677
10309
5027
7885
6633
1433
2
10809
437
7718
7018
14269
14281
5272
12402
9157
12471
32
6340
1591
5179
15083
8626
9553
9017
4068
7099
8539
10941
7011
8718
4292
4375
6716
1233
9986
8163
3723
7015
9198
11498
12414
9407
4448
4515
7034
12523
9436
8172
8427
7710
8535
8743
6759
9553
14811
2533
9178
5172
10898
10578
10605
3927
9505
6939
6266
7674
9398
4661
5021
2293
14600
12402
4153
9440
5822
5927
4770
4693
5582
3
3425
7840
90
13129
9496
9476
1830
7931
4890
1952
11908
1147
2676
12900
8251
9335
14301
9360
8146
9375
1871
7942
12854
6279
12088
14823
273
12657
1370
574
818
8097
7424
288
202
9327
14909
8976
14909
483
13591
6658
13591
2200
13591
11778
13591
13970
13591
9158
14909
7074
10106
15281
14909
1880
13591
15379
10940
8956
13591
6378
14909
6620
7713
15563
13825
8700
9421
2631
10692
10394
11437
5246
14642
5150
6612
9498
13774
9437
15110
11429
10332
9446
4809
14226
14006
1316
10214
6717
12206
11697
11997
6581
975
13052
15522
10022
13059
7318
3624
13912
4577
3184
5299
490
1534
8462
6168
4576
5731
318
7647
392
13950
38
5266
9465
2766
2899
1756
12783
9250
9824
2519
2300
1
12836
9678
8465
762
4713
8098
12971
48
3098
5821
8632
9826
5348
12446
13007
3774
4573
2665
9146
14630
2491
13202
5096
14722
495
1717
1
9879
15178
1433
2
10804
6554
1756
8314
14379
13010
7567
4154
13059
6587
9212
12124
1669
4552
7871
205
8674
10141
3108
13803
6599
3593
7910
1650
13568
757
7727
700
1
1756
2548
2953
14533
6921
13913
5276
464
8
3095
3995
7420
1919
5378
8424
13355
8153
8420
6317
14118
12352
11245
9974
8190
8670
7649
7520
12382
9353
9478
6273
3907
12478
6544
13543
8127
8287
8698
11727
14960
1
10924
12343
15470
7173
8108
1715
8923
3206
2342
661
8148
7036
8920
4158
8109
2708
10480
10504
3923
1587
10160
13239
13886
10571
13286
3151
13553
13587
2262
10009
11416
4775
642
8971
8973
1268
1243
14017
10941
5658
13732
12345
4983
3759
13700
13723
12256
1376
14639
7291
12688
14192
9795
8810
1143
9556
12524
10331
6100
1646
3867
6614
1423
7539
3930
8621
8840
15514
6817
1750
3596
1584
8906
7021
9553
2652
2268
6790
6618
8389
9349
13059
10715
2302
5586
14635
13994
14498
15590
15468
15613
9553
10941
13742
4154
6220
9044
15092
4154
4999
14910
6220
15067
13287
10941
6219
2899
6836
1756
0
15572
4154
14226
6554
5927
11889
4998
4999
14022
14545
15292
14226
14228
15292
9553
5927
13060
9553
10568
15379
4135
10426
13059
9553
15024
4864
9181
5593
11854
789
6781
13591
1
9553
1404
14680
10021
14502
14651
5287
5927
9553
5530
6981
11466
9614
14559
1604
8705
2200
13591
14097
13591
8821
9553
7121
13353
6219
1012
15398
9163
5927
3369
4352
2200
14611
14295
4154
11941
12933
6553
6379
14643
6267
5485
5590
11283
14892
14892
11283
